[[  1.39411293e+01  -6.35397998e+02  -3.89124084e+02   3.70370809e+02
   -6.79801768e+02   4.31025677e+01   3.67774315e+02  -9.08555939e+02
   -1.67253500e+03   9.84920073e+02  -2.65332501e+00]
 [  4.58148798e+01  -4.65061763e+01  -3.95461875e+01   3.77567556e+01
   -5.00167898e+01  -4.70087861e+00   5.33549156e+01   2.99716412e+01
   -1.36625544e+02   7.80684169e+01  -6.14180291e+01]
 [  4.14488812e+01  -1.47885149e+02  -1.03624098e+02   9.78359191e+01
   -1.57899705e+02   2.87476350e+00   1.07733959e+02  -1.21395012e+02
   -3.98686539e+02   2.31747932e+02  -5.25226672e+01]
 [  3.84968189e+01  -1.49353921e+02  -1.07724565e+02   1.00283839e+02
   -1.58746981e+02   2.68021988e+00   1.05528806e+02  -1.22944657e+02
   -3.98409398e+02   2.30095915e+02  -4.77995820e+01]
 [  3.51830534e+01  -2.32205462e+02  -1.60709554e+02   1.49833617e+02
   -2.46825518e+02   8.75503229e+00   1.50043252e+02  -2.44922477e+02
   -6.12219612e+02   3.55320513e+02  -4.08053640e+01]
 [  3.49230586e+01  -2.32757621e+02  -1.64187778e+02   1.52452058e+02
   -2.46966529e+02   8.45309825e+00   1.50005013e+02  -2.39112314e+02
   -6.11402553e+02   3.53862046e+02  -4.05225284e+01]
 [  4.04290644e+01  -2.21373344e+02  -1.57374658e+02   1.26737432e+02
   -2.31365202e+02   1.06088082e+01   1.39229866e+02  -2.31785531e+02
   -5.82881755e+02   3.51294981e+02  -4.09533057e+01]
 [  1.75308534e+01  -4.77186571e+02  -3.11921700e+02   2.74648712e+02
   -5.05051640e+02   3.32520931e+01   2.74108858e+02  -6.41693621e+02
   -1.24755526e+03   7.42730525e+02  -8.69286318e+00]
 [  4.30537670e+01  -9.29818924e+00  -3.32636807e+01   7.57775069e+00
   -4.61084368e+00  -3.16166270e+00   2.58814059e+01   1.03629766e+02
   -2.98085740e+01   2.71137714e+01  -5.74480017e+01]
 [  4.15726683e+01  -8.45738795e+01  -8.11778648e+01   4.98810640e+01
   -8.43473659e+01   3.21444877e+00   6.69675743e+01  -7.52837745e+00
   -2.24783557e+02   1.43606430e+02  -5.23596459e+01]
 [  3.59102347e+01  -6.43682061e+01  -6.90321947e+01   4.23267664e+01
   -6.38804371e+01   4.22330652e+00   5.96882380e+01   2.73592010e+01
   -1.75483092e+02   1.14849103e+02  -5.48117856e+01]
 [  3.20474155e+01  -2.29986537e+02  -1.76079779e+02   1.35479096e+02
   -2.37719431e+02   1.25349493e+01   1.37846459e+02  -2.30826848e+02
   -5.94350046e+02   3.58454157e+02  -3.08328375e+01]
 [  4.14790464e+01  -8.38290624e+01  -8.96330709e+01   5.70646346e+01
   -8.26016267e+01   2.29899104e+00   6.75761585e+01   1.70698309e+01
   -2.18421366e+02   1.37535414e+02  -5.46669478e+01]
 [  5.41323190e+01  -1.29863779e+02  -1.21162840e+02   7.19299260e+01
   -1.28601051e+02   4.84927774e+00   9.16340057e+01  -4.22602184e+01
   -3.37837718e+02   2.17248708e+02  -5.95039826e+01]
 [  5.53320722e+01  -2.37501575e+01  -6.08303530e+01   1.27571286e+01
   -1.44019653e+01  -3.92506236e+00   3.05743399e+01   1.22806393e+02
   -5.64959488e+01   4.95373432e+01  -6.29642459e+01]
 [  4.82597309e+01  -2.08633759e+02  -1.72899387e+02   1.22738858e+02
   -2.13056646e+02   1.22420829e+01   1.37580545e+02  -1.50497779e+02
   -5.43039406e+02   3.37405026e+02  -5.52869955e+01]
 [  5.42589361e+01  -2.49137802e+01  -6.75182139e+01   1.81893617e+01
   -1.49234755e+01  -4.20606053e+00   3.10100364e+01   1.34102813e+02
   -5.55983738e+01   4.71826644e+01  -6.25650859e+01]
 [  5.02702994e+01  -8.91143742e+01  -1.06785557e+02   5.92202628e+01
   -8.46424822e+01   2.85878622e+00   7.20450635e+01   4.58150262e+01
   -2.27129571e+02   1.49021456e+02  -6.32379483e+01]
 [  5.13658324e+01  -2.47556378e+01  -7.34407915e+01   2.24469938e+01
   -1.35119140e+01  -3.47832503e+00   3.07772327e+01   1.43384058e+02
   -5.37602781e+01   4.39219656e+01  -6.07769844e+01]
 [  4.79662534e+01  -5.47767555e+01  -9.31185106e+01   4.28368817e+01
   -4.63234308e+01  -1.03340628e+00   4.77454326e+01   1.03663036e+02
   -1.29142105e+02   8.81915557e+01  -5.84426123e+01]
 [  4.48439519e+01  -1.43802787e+02  -1.47581144e+02   9.81944039e+01
   -1.42545284e+02   7.63610443e+00   1.03037323e+02  -2.01317853e+01
   -3.65771910e+02   2.28575398e+02  -5.90030645e+01]
 [  4.96947653e+01  -2.67157444e+01  -8.31629324e+01   3.10952029e+01
   -1.51197857e+01  -4.54336487e+00   3.09672197e+01   1.61144224e+02
   -5.03599781e+01   3.94844352e+01  -5.99815074e+01]
 [  4.72656093e+01  -2.63168190e+01  -8.41380827e+01   3.45427190e+01
   -1.53618994e+01  -2.99135778e+00   3.44768707e+01   1.69615696e+02
   -5.12729987e+01   4.00610081e+01  -6.27434383e+01]
 [  5.46258219e+01  -1.09294713e+02  -1.33851625e+02   5.21761171e+01
   -9.87650276e+01   7.18148122e+00   7.25725520e+01   2.61306949e+01
   -2.69450342e+02   1.90909183e+02  -5.69493622e+01]
 [  4.68010927e+01  -2.20411482e+02  -2.01071262e+02   1.19699297e+02
   -2.18723769e+02   1.82604393e+01   1.38093782e+02  -1.38570921e+02
   -5.63085191e+02   3.64669238e+02  -5.15541049e+01]
 [  4.09018690e+01  -2.43922285e+02  -2.14369620e+02   1.37506623e+02
   -2.45333550e+02   2.26235800e+01   1.55827217e+02  -1.71023046e+02
   -6.28420820e+02   4.03034560e+02  -5.20112436e+01]
 [  7.98123493e+01  -1.98449829e+02  -1.96027899e+02   1.04788292e+02
   -1.92354070e+02   9.26986662e+00   1.32128358e+02  -5.77652830e+01
   -5.04582318e+02   3.33217489e+02  -7.89668855e+01]
 [  3.42690092e+01  -4.69464904e+02  -3.53694837e+02   2.54898043e+02
   -4.81881398e+02   3.66870815e+01   2.61558088e+02  -5.41036461e+02
   -1.20347501e+03   7.44139020e+02  -1.80040673e+01]
 [ -4.83317888e+00  -1.76562279e+03  -1.13435880e+03   9.98816474e+02
   -1.86804660e+03   1.35830966e+02   9.71577621e+02  -2.53147348e+03
   -4.58849455e+03   2.74119298e+03   7.39371625e+01]
 [  4.63057815e+01  -1.50543088e+02  -1.63310104e+02   7.91135691e+01
   -1.41658369e+02   1.19411914e+01   9.30314674e+01  -3.84253296e+01
   -3.76239706e+02   2.51265734e+02  -4.73534443e+01]
 [  3.78018118e+01  -4.31028255e+02  -3.32628342e+02   2.42533987e+02
   -4.42351064e+02   3.14209564e+01   2.44766498e+02  -4.66494637e+02
   -1.10321961e+03   6.78334138e+02  -2.59138106e+01]
 [ -1.65829567e+01  -2.17823584e+03  -1.38606445e+03   1.24275315e+03
   -2.30919977e+03   1.63920797e+02   1.19510027e+03  -3.15906269e+03
   -5.66018799e+03   3.36626086e+03   1.05818794e+02]
 [  4.77790380e+01  -4.35592656e+01  -9.75937717e+01   1.23327765e+01
   -2.54286225e+01   8.14856465e+00   3.70424214e+01   1.16872245e+02
   -1.06703612e+02   9.65961886e+01  -5.60004522e+01]
 [  3.59308548e+01  -4.72002351e+01  -9.82767959e+01   1.63769534e+01
   -3.11266566e+01   7.74556150e+00   3.14270236e+01   9.55597387e+01
   -1.06463562e+02   9.33845609e+01  -4.14729303e+01]
 [  4.73033604e+01  -4.71772910e+01  -1.00418199e+02   2.04324927e+01
   -3.19975079e+01   3.23700628e+00   3.43812281e+01   1.18493495e+02
   -1.01989116e+02   8.91606160e+01  -5.18432418e+01]
 [  3.25767717e+01  -7.80523547e+02  -5.44519501e+02   4.42415381e+02
   -8.15387697e+02   5.65999245e+01   4.36094290e+02  -9.97063043e+02
   -2.01475178e+03   1.21632065e+03  -4.20921020e+00]
 [  4.77340600e+01  -4.59321558e+02  -3.52469091e+02   2.62604977e+02
   -4.72463998e+02   3.03455372e+01   2.64174913e+02  -4.89529339e+02
   -1.17696015e+03   7.19677240e+02  -3.42013911e+01]
 [  6.12307514e+01  -3.08383713e+02  -2.63286783e+02   1.80549453e+02
   -3.11548594e+02   1.66705394e+01   1.87274334e+02  -2.37734085e+02
   -7.84757715e+02   4.86523872e+02  -5.60523433e+01]
 [  7.38935392e+01  -4.42031600e+01  -1.05479357e+02   3.32262876e+01
   -2.95524681e+01  -5.09839153e+00   4.60472381e+01   1.80616121e+02
   -9.55854478e+01   7.75775033e+01  -8.09893703e+01]
 [  8.37572882e+01  -5.39557180e+01  -1.13298026e+02   4.30162321e+01
   -4.02974358e+01  -6.73928234e+00   5.71974350e+01   1.86873711e+02
   -1.22890610e+02   9.21954672e+01  -9.22290838e+01]
 [  8.31814695e+01  -5.42644617e+01  -1.14087041e+02   4.62147738e+01
   -4.09476079e+01  -7.40404757e+00   5.75805398e+01   1.88714340e+02
   -1.22779861e+02   8.97347369e+01  -9.19335015e+01]
 [  1.90014361e+01  -6.93412071e+02  -4.86993157e+02   3.85578814e+02
   -7.22613358e+02   5.56830914e+01   3.83824562e+02  -8.94112851e+02
   -1.78931318e+03   1.08813704e+03   3.59889171e+00]
 [  3.38407475e+00  -1.90092709e+03  -1.21942805e+03   1.07906866e+03
   -2.01132137e+03   1.44214052e+02   1.05138948e+03  -2.71918473e+03
   -4.94707095e+03   2.95092190e+03   7.12127586e+01]
 [  5.23144315e+01  -2.24248924e+02  -2.09147797e+02   1.25195915e+02
   -2.20705650e+02   1.61645189e+01   1.39342072e+02  -1.33653027e+02
   -5.71937570e+02   3.65608654e+02  -5.29543412e+01]
 [ -1.02698222e+01  -2.33589975e+03  -1.48169293e+03   1.33437731e+03
   -2.47807419e+03   1.74919900e+02   1.28885346e+03  -3.38066793e+03
   -6.07646738e+03   3.61369312e+03   1.02652485e+02]
 [  7.51202272e+01  -2.71222893e+01  -9.09679101e+01   5.72543227e+00
   -9.50371827e+00  -1.65653386e+00   3.49420974e+01   1.89489032e+02
   -5.63617569e+01   6.85497634e+01  -8.18104702e+01]
 [  1.88025953e+01  -5.27045526e+02  -3.86655860e+02   2.90583775e+02
   -5.44735390e+02   4.32561123e+01   2.89551845e+02  -6.47066949e+02
   -1.35265227e+03   8.28927187e+02  -1.72900788e+00]
 [  6.89902241e+01  -4.85955414e+01  -1.04980254e+02   2.30888513e+01
   -3.29320367e+01  -1.05218535e+00   4.36829381e+01   1.52223409e+02
   -1.08568009e+02   9.39469989e+01  -7.34983874e+01]
 [  9.78028172e+00  -2.09855448e+03  -1.33880972e+03   1.18762611e+03
   -2.22236060e+03   1.56637618e+02   1.16072485e+03  -3.00829542e+03
   -5.45982669e+03   3.25879116e+03   7.55786179e+01]
 [  6.86068360e+01  -2.37745436e+02  -2.17999588e+02   1.27661072e+02
   -2.34912886e+02   1.42588092e+01   1.50554961e+02  -1.32987063e+02
   -6.06290831e+02   3.92212836e+02  -6.69544741e+01]
 [ -8.70996648e+01  -5.05061102e+03  -3.11702818e+03   2.87742134e+03
   -5.37738734e+03   3.82419079e+02   2.76711132e+03  -7.56389909e+03
   -1.31617266e+04   7.80209221e+03   3.00540496e+02]
 [  6.66601920e+01  -1.54857099e+02  -1.66486417e+02   8.08294433e+01
   -1.47040623e+02   9.61000944e+00   1.06287692e+02  -1.00138463e+01
   -3.91799342e+02   2.65934239e+02  -7.13838364e+01]
 [  6.24029547e+01  -1.12354085e+02  -1.38462797e+02   6.13535004e+01
   -1.03590767e+02   8.76139719e+00   8.83403943e+01   5.63876088e+01
   -2.85674669e+02   2.02202051e+02  -7.65497054e+01]
 [  5.56775833e+01  -1.11098753e+02  -1.35107512e+02   6.53275086e+01
   -1.04212682e+02   1.12753348e+01   9.22856011e+01   5.71455711e+01
   -2.86904279e+02   2.01773439e+02  -7.73487578e+01]
 [  4.77524216e+01  -1.94281443e+02  -1.87329907e+02   1.02766547e+02
   -1.89785703e+02   1.60601399e+01   1.21203783e+02  -9.88605104e+01
   -4.92347591e+02   3.23962318e+02  -5.10932200e+01]
 [  4.40793201e+01  -3.45693974e+02  -2.80075848e+02   1.91677817e+02
   -3.51401083e+02   2.59982935e+01   2.02366522e+02  -3.29484706e+02
   -8.84823048e+02   5.52894684e+02  -3.88778252e+01]
 [  5.03343970e+01  -1.95810624e+02  -1.91396786e+02   1.08657843e+02
   -1.91099221e+02   1.28149680e+01   1.19852403e+02  -9.44113256e+01
   -4.91311641e+02   3.17815860e+02  -4.98935387e+01]
 [  4.06615697e+01  -1.85834654e+01  -8.09660066e+01  -3.18287930e+00
   -2.74185857e-01   3.59878301e+00   1.27606621e+01   1.41456389e+02
   -2.56293832e+01   4.82177727e+01  -4.37124028e+01]
 [  4.45481805e+01  -2.64351724e+02  -2.29663062e+02   1.42689330e+02
   -2.64535160e+02   2.14503487e+01   1.58461165e+02  -2.09122733e+02
   -6.74850970e+02   4.31176281e+02  -4.42007018e+01]
 [  4.14237920e+01  -1.40794332e+02  -1.52631803e+02   7.68611201e+01
   -1.34466029e+02   1.46657056e+01   9.57736744e+01  -2.00434442e+01
   -3.56949588e+02   2.42351845e+02  -5.39799907e+01]
 [  1.90866456e+01  -1.03217723e+03  -6.93151054e+02   5.87261014e+02
   -1.08569256e+03   7.88903727e+01   5.76893428e+02  -1.38885749e+03
   -2.67624237e+03   1.60821473e+03   1.39409027e+01]
 [  4.00728609e+01  -4.22963285e+02  -3.28062645e+02   2.41855714e+02
   -4.34484762e+02   3.03117367e+01   2.43948806e+02  -4.45213846e+02
   -1.08376175e+03   6.65123903e+02  -3.12973733e+01]
 [  4.63464402e+01  -4.97173842e+01  -1.00818739e+02   3.35944298e+01
   -3.76205795e+01   4.30638452e+00   4.64316641e+01   1.31724784e+02
   -1.15363609e+02   9.22825911e+01  -6.17740167e+01]
 [  4.02538445e+01  -1.03032575e+03  -6.97871249e+02   5.96684317e+02
   -1.08389317e+03   7.19537148e+01   5.84782128e+02  -1.34233269e+03
   -2.67117095e+03   1.59907924e+03  -7.50114748e+00]
 [  6.01278866e+01  -2.41509147e+02  -2.20392707e+02   1.51287618e+02
   -2.43067586e+02   1.39160664e+01   1.61200662e+02  -1.23180407e+02
   -6.18079500e+02   3.85913381e+02  -6.97172013e+01]
 [  4.05320429e+01  -2.41237323e+02  -2.20115994e+02   1.50386347e+02
   -2.41967785e+02   1.46343272e+01   1.46050378e+02  -1.59208095e+02
   -6.06733507e+02   3.74036733e+02  -4.22489677e+01]
 [  3.57837646e+01  -1.91994034e+02  -1.87921100e+02   1.27022739e+02
   -1.91309511e+02   1.33950803e+01   1.24105914e+02  -8.36074600e+01
   -4.82851987e+02   2.99775156e+02  -4.71711855e+01]
 [  3.27776035e+01  -4.24490026e+02  -3.31321248e+02   2.61125831e+02
   -4.38553965e+02   2.77948045e+01   2.46762782e+02  -4.38167370e+02
   -1.08411655e+03   6.51133307e+02  -2.79063596e+01]
 [  3.37145167e+01  -2.46508752e+02  -2.21845092e+02   1.64460155e+02
   -2.50292836e+02   1.64280271e+01   1.55539674e+02  -1.61107083e+02
   -6.24663629e+02   3.78897867e+02  -4.43084414e+01]
 [  4.61353627e+01  -3.21212489e+01  -9.64812375e+01   4.37004001e+01
   -1.94104035e+01  -2.21997635e+00   3.79202316e+01   1.76090876e+02
   -6.49663461e+01   4.49941998e+01  -6.19771788e+01]
 [  3.95373909e+01  -2.50664117e+02  -2.30225878e+02   1.70844974e+02
   -2.51110569e+02   1.58515526e+01   1.59346695e+02  -1.60592003e+02
   -6.42169406e+02   3.82902331e+02  -4.69392533e+01]
 [  3.39381716e+01  -2.44772647e+02  -2.23959435e+02   1.72177703e+02
   -2.47629839e+02   1.59646357e+01   1.58243477e+02  -1.50765350e+02
   -6.25078270e+02   3.71672975e+02  -4.67761332e+01]
 [  4.45224796e+01  -3.53059464e+01  -1.00738851e+02   5.39006177e+01
   -2.40166479e+01  -6.41510089e+00   3.54973878e+01   1.76594996e+02
   -6.26826385e+01   3.59984930e+01  -5.67097737e+01]
 [  7.63384002e+00  -5.27885596e+02  -3.92699721e+02   3.38397718e+02
   -5.52407343e+02   3.66348483e+01   3.01630083e+02  -6.09637818e+02
   -1.35000414e+03   7.93848885e+02  -4.77454389e+00]
 [  2.87421413e+01  -2.46592547e+02  -2.23453005e+02   1.84292479e+02
   -2.53554376e+02   1.43404202e+01   1.61949456e+02  -1.44356409e+02
   -6.24368080e+02   3.65584129e+02  -4.70756831e+01]
 [  4.60774654e+01  -3.46216327e+01  -1.03388297e+02   6.21809015e+01
   -2.33347452e+01  -8.76533884e+00   3.67032507e+01   1.87818552e+02
   -6.03391719e+01   2.71072115e+01  -5.83884475e+01]
 [  3.33167466e+01  -2.48130069e+02  -2.29523963e+02   1.88848882e+02
   -2.53353335e+02   1.00521274e+01   1.57781009e+02  -1.41581774e+02
   -6.21970649e+02   3.57621593e+02  -4.37523550e+01]
 [  3.02875662e+01  -2.36675487e+02  -2.25057813e+02   1.83098048e+02
   -2.39473095e+02   8.37526503e+00   1.46123600e+02  -1.32937469e+02
   -5.89329013e+02   3.34284890e+02  -3.61878323e+01]
 [  2.44195069e+01  -2.53850036e+02  -2.33139721e+02   1.97791962e+02
   -2.59351557e+02   1.28962447e+01   1.62096596e+02  -1.58281738e+02
   -6.41820581e+02   3.64255920e+02  -3.82094022e+01]
 [  5.08031897e+01  -2.35824096e+02  -2.28393065e+02   1.90793319e+02
   -2.40100538e+02   9.24892188e-01   1.52904167e+02  -8.91239449e+01
   -5.81992920e+02   3.26783331e+02  -5.66118302e+01]
 [  4.53595068e+01  -2.53683790e+02  -2.36824808e+02   2.05862387e+02
   -2.61114457e+02   4.56434196e+00   1.68104246e+02  -1.14660309e+02
   -6.33456128e+02   3.56140168e+02  -5.79818426e+01]
 [  5.14547475e+01  -2.58872741e+02  -2.43619651e+02   2.10449068e+02
   -2.65486073e+02   1.08184187e+00   1.67741463e+02  -1.15079308e+02
   -6.41449951e+02   3.57431582e+02  -5.77720074e+01]
 [  5.31119811e+01  -2.71049002e+02  -2.52943639e+02   2.19742047e+02
   -2.77767502e+02   9.82886291e-01   1.74504221e+02  -1.30112556e+02
   -6.73716608e+02   3.73548933e+02  -5.75919098e+01]
 [  5.36932030e+01  -3.28271112e+01  -1.06442553e+02   8.66379123e+01
   -2.49836266e+01  -1.41144420e+01   4.92012199e+01   2.34110053e+02
   -5.71312042e+01   9.80901884e+00  -7.59357566e+01]
 [  5.48432178e+01  -5.40538782e+01  -1.20382412e+02   9.80032308e+01
   -4.71060151e+01  -1.38652608e+01   5.84111437e+01   2.01645273e+02
   -1.09639245e+02   4.02530870e+01  -7.30170302e+01]
 [  5.87589318e+01  -3.59074698e+01  -1.10777494e+02   8.70545735e+01
   -2.73926694e+01  -1.75643790e+01   4.58150959e+01   2.32660052e+02
   -5.73492759e+01   8.96946552e+00  -7.38631436e+01]
 [  1.64424958e+01  -5.32771868e+02  -4.07081407e+02   3.67323154e+02
   -5.57990412e+02   2.43203951e+01   3.00972311e+02  -5.82313765e+02
   -1.34571701e+03   7.67145371e+02  -4.75217733e+00]
 [  1.81681892e+01  -4.07661872e+02  -3.29099950e+02   2.97954722e+02
   -4.25907316e+02   1.73390878e+01   2.39157205e+02  -3.85964251e+02
   -1.02551538e+03   5.79610995e+02  -1.94424429e+01]
 [  1.73767735e+01  -2.45790277e+02  -2.32803997e+02   2.02994636e+02
   -2.51651338e+02   4.03889395e+00   1.41907251e+02  -1.52545352e+02
   -5.96076102e+02   3.24179613e+02  -1.85224699e+01]
 [  2.79328869e+01  -2.36356275e+02  -2.26323774e+02   2.00798064e+02
   -2.42980212e+02   3.67684311e+00   1.48706628e+02  -1.13465482e+02
   -5.80118857e+02   3.17113281e+02  -3.78194920e+01]
 [  2.93296206e+01  -2.39381774e+02  -2.29283562e+02   2.01762634e+02
   -2.45570902e+02   2.76523579e+00   1.48136760e+02  -1.18415638e+02
   -5.85651959e+02   3.19816711e+02  -3.61439578e+01]
 [  3.77896239e+01  -3.89170185e+01  -1.09765107e+02   8.65655277e+01
   -3.06183540e+01  -1.33423547e+01   3.80131159e+01   1.91646385e+02
   -6.22536328e+01   1.01984988e+01  -5.11569287e+01]
 [  2.68600100e+01  -2.84155001e+02  -2.54785539e+02   2.28570085e+02
   -2.94077991e+02   8.36368991e+00   1.77435826e+02  -1.85190979e+02
   -7.08594752e+02   3.93305945e+02  -3.70406782e+01]
 [  2.82982003e+01  -2.52226132e+02  -2.36469046e+02   2.09486371e+02
   -2.59612861e+02   4.29777222e+00   1.56284808e+02  -1.37893202e+02
   -6.20365233e+02   3.40600919e+02  -3.60245602e+01]
 [  7.33948512e+01  -1.96089016e+02  -1.93569786e+02   1.02023775e+02
   -1.89079572e+02   1.19929482e+01   1.30115035e+02  -6.63931338e+01
   -5.02458821e+02   3.32221154e+02  -7.40148300e+01]
 [  7.52287907e+01  -2.93466949e+01  -9.09182345e+01   1.17014915e+01
   -1.36271505e+01  -2.53403904e-01   4.32197975e+01   1.95681139e+02
   -6.75884223e+01   7.45559178e+01  -8.89824295e+01]
 [ -8.15327199e+01  -4.50130568e+03  -2.78065295e+03   2.56816921e+03
   -4.79351621e+03   3.45998512e+02   2.47592186e+03  -6.72208028e+03
   -1.17372321e+04   6.96246860e+03   2.57942214e+02]
 [  4.04112329e+01  -2.77010072e+01  -8.75007062e+01   3.47465883e+00
   -8.49364378e+00   8.15469240e+00   2.48841879e+01   1.28535359e+02
   -6.41528132e+01   6.98463106e+01  -4.85879374e+01]
 [  3.67716786e+01  -2.31313520e+02  -2.10454580e+02   1.23023168e+02
   -2.28438848e+02   1.84176548e+01   1.31353889e+02  -1.76381352e+02
   -5.81243970e+02   3.73038983e+02  -3.19097595e+01]
 [  4.84202707e+01  -9.88234496e+02  -6.72262191e+02   5.61398127e+02
   -1.03694599e+03   6.91793788e+01   5.59728267e+02  -1.28073514e+03
   -2.56217810e+03   1.54261400e+03  -1.30296357e+01]
 [ -2.47526226e+01  -4.83983825e+00  -9.83519686e+00   5.74030044e+01
   -1.38382791e+01  -1.01307269e+01   6.36964996e+00   2.76292130e+01
    4.71596994e+00  -4.99488784e+01  -6.87591610e+00]
 [ -2.99073919e+01  -4.84314047e+00  -7.24627272e+00   6.22206778e+01
   -1.66713922e+01  -9.50953526e+00   9.02421362e+00   2.93770045e+01
    5.68784585e+00  -5.15799089e+01  -7.11357895e+00]
 [ -3.54081571e+01  -5.43813225e+00  -4.98694911e+00   6.77631787e+01
   -2.00532506e+01  -8.82595029e+00   1.16521491e+01   3.03792043e+01
    6.61651731e+00  -5.22847274e+01  -7.93457249e+00]
 [ -4.05716133e+01  -5.44869887e+00  -2.39251202e+00   7.25492349e+01
   -2.28018041e+01  -8.20254661e+00   1.43094110e+01   3.21035909e+01
    7.59538718e+00  -5.39459157e+01  -8.19522558e+00]
 [ -4.53974562e+01  -4.86539152e+00   5.42444812e-01   7.65875709e+01
   -2.49388039e+01  -7.63897536e+00   1.69954615e+01   3.45670837e+01
    8.62086637e+00  -5.65437330e+01  -7.89415660e+00]
 [ -5.05624233e+01  -4.87165514e+00   3.13196521e+00   8.13730782e+01
   -2.76893110e+01  -7.01474740e+00   1.96552808e+01   3.62987233e+01
    9.60052011e+00  -5.82139215e+01  -8.15353903e+00]
 [ -5.60668795e+01  -5.48056499e+00   5.38341531e+00   8.69111781e+01
   -3.10415053e+01  -6.33004707e+00   2.22872903e+01   3.72899163e+01
    1.05336455e+01  -5.89490716e+01  -8.98059353e+00]
 [ -6.08940809e+01  -4.89280916e+00   8.32188066e+00   9.09370892e+01
   -3.31717922e+01  -5.76626466e+00   2.49731903e+01   3.97576451e+01
    1.15592732e+01  -6.15451659e+01  -8.68158366e+00]
 [ -6.58856863e+01  -4.80747489e+00   1.11481214e+01   9.47679062e+01
   -3.57273830e+01  -4.94266477e+00   2.75177075e+01   4.09324250e+01
    1.25055715e+01  -6.24768172e+01  -9.03077058e+00]
 [ -7.04750214e+01  -4.49779316e+00   1.45349747e+01   9.63508379e+01
   -3.78192681e+01  -3.65394608e+00   2.97919402e+01   4.08175361e+01
    1.33737406e+01  -6.16728318e+01  -9.59366043e+00]
 [ -7.54046631e+01  -4.79868908e+00   1.75757038e+01   9.86898538e+01
   -4.05148406e+01  -2.30424717e+00   3.20413339e+01   3.99652621e+01
    1.41967362e+01  -5.99498762e+01  -1.07203732e+01]
 [ -7.96543517e+01  -3.89893388e+00   2.13015970e+01   9.95296269e+01
   -4.20022588e+01  -1.07609196e+00   3.43432761e+01   4.05853657e+01
    1.51111869e+01  -6.00810786e+01  -1.07178549e+01]
 [ -8.49557645e+01  -3.63304389e+00   2.47433779e+01   1.01139977e+02
   -4.42315213e+01   2.54844018e-01   3.64506080e+01   4.00634498e+01
    1.61099440e+01  -5.96571815e+01  -1.21243071e+01]
 [ -8.87069864e+01  -3.50195946e+00   2.83254907e+01   1.02892753e+02
   -4.63027535e+01   1.63520204e+00   3.87047831e+01   4.02945407e+01
    1.67057743e+01  -5.81646588e+01  -1.23426338e+01]
 [ -9.27600739e+01  -2.46785553e+00   3.19423977e+01   1.04626727e+02
   -4.76780442e+01   2.82726146e+00   4.07029273e+01   4.03445731e+01
    1.74046259e+01  -5.80347094e+01  -1.26886131e+01]
 [ -9.73432639e+01  -2.17362001e+00   3.53024559e+01   1.06205262e+02
   -4.97733727e+01   4.11516679e+00   4.29729637e+01   4.02266372e+01
    1.82798900e+01  -5.72368108e+01  -1.32513042e+01]
 [ -1.02922998e+02  -3.00560381e+00   3.78048403e+01   1.08194979e+02
   -5.30769094e+01   5.42605454e+00   4.56779489e+01   3.92613848e+01
    1.94290136e+01  -5.51641474e+01  -1.40964180e+01]
 [ -1.21496929e+01   2.24957115e-01   5.53901204e-01   3.01722527e+00
   -1.69849362e+00   2.82800091e-01  -1.69076528e+00  -4.39196659e+00
    2.26673129e+00  -8.32518521e+00  -1.20343176e+01]
 [ -1.27223941e+01  -8.07041030e-02  -2.41343080e-01   6.17749764e+00
   -2.35847376e+00  -3.84152867e-01  -1.30947482e+00  -2.54844154e+00
    2.37951529e+00  -1.07973300e+01  -1.17228292e+01]
 [ -1.32971736e+01  -3.88420320e-01  -1.03243431e+00   9.36328289e+00
   -3.01191517e+00  -1.04964734e+00  -9.26974800e-01  -7.06847516e-01
    2.49094315e+00  -1.32618651e+01  -1.14219449e+01]
 [ -1.38733356e+01  -6.97081673e-01  -1.82144563e+00   1.25628251e+01
   -3.66222514e+00  -1.71438058e+00  -5.43646404e-01   1.13294149e+00
    2.60177209e+00  -1.57226960e+01  -1.11286972e+01]
 [ -1.44486347e+01  -1.00531164e+00  -2.61149860e+00   1.57549885e+01
   -4.31403186e+00  -2.37951043e+00  -1.60843992e-01   2.97405275e+00
    2.71286091e+00  -1.81853287e+01  -1.08304639e+01]
 [ -1.50246251e+01  -1.31401417e+00  -3.40051162e+00   1.89540304e+01
   -4.96427287e+00  -3.04425967e+00   2.22372608e-01   4.81426150e+00
    2.82365027e+00  -2.06461093e+01  -1.05360489e+01]
 [ -1.56002675e+01  -1.62216178e+00  -4.19056120e+00   2.21471944e+01
   -5.61621753e+00  -3.70935753e+00   6.05398614e-01   6.65453326e+00
    2.93481824e+00  -2.31088426e+01  -1.02401503e+01]
 [ -1.08349624e+01  -9.80696637e+00  -1.84594917e+01   4.51362206e+00
   -9.47482594e+00   2.70983052e+00   6.43885650e-01  -1.52878346e+00
   -2.20001928e+01   1.03135864e+01  -1.17942682e+01]
 [ -1.25395808e+01   2.44897277e-01  -1.85950319e-01   5.52195590e+00
   -2.11039276e+00  -1.24240314e-01  -1.47419082e+00  -2.70256493e+00
    2.41938609e+00  -9.99021458e+00  -1.17653161e+01]
 [ -1.31150468e+01  -6.26542154e-02  -9.77034772e-01   8.70974214e+00
   -2.76411005e+00  -7.89670795e-01  -1.09124361e+00  -8.62649916e-01
    2.53097226e+00  -1.24549510e+01  -1.14691012e+01]
 [ -1.36905176e+01  -3.70843000e-01  -1.76708605e+00   1.19024059e+01
   -3.41598574e+00  -1.45478465e+00  -7.08329397e-01   9.78041594e-01
    2.64210066e+00  -1.49176340e+01  -1.11720352e+01]
 [ -1.42658167e+01  -6.79072967e-01  -2.55713902e+00   1.50945693e+01
   -4.06779246e+00  -2.11991451e+00  -3.25526985e-01   2.81915285e+00
    2.75318947e+00  -1.73802667e+01  -1.08738018e+01]
 [ -1.48416354e+01  -9.87816683e-01  -3.34615373e+00   1.82931110e+01
   -4.71796449e+00  -2.78467974e+00   5.75778178e-02   4.65978136e+00
    2.86393926e+00  -1.98409970e+01  -1.05782195e+01]
 [ -1.54176258e+01  -1.29651922e+00  -4.13516674e+00   2.14921529e+01
   -5.36820550e+00  -3.44942898e+00   4.40794417e-01   6.49999011e+00
    2.97472861e+00  -2.23017776e+01  -1.02838045e+01]
 [ -1.20948616e+01   2.55853091e-01   6.33862974e-01   2.71025256e+00
   -1.63273835e+00   3.49849218e-01  -1.72732001e+00  -4.58196895e+00
    2.25583179e+00  -8.07786400e+00  -1.20817025e+01]
 [ -1.46788430e+01   1.22507985e+00   4.82887264e-01   5.38672008e+00
   -2.17997401e+00  -7.22868952e-01  -2.44364388e+00  -4.65300510e+00
    1.95336550e+00  -1.45203566e+01  -1.45552154e+01]
 [ -1.32413127e+01  -3.57771430e-01  -9.52482715e-01   9.05330868e+00
   -2.94574607e+00  -9.82694208e-01  -9.64200311e-01  -8.94331376e-01
    2.47980618e+00  -1.30142419e+01  -1.14623256e+01]
 [ -1.04956558e+01  -5.09755063e-01  -2.02254942e+00   1.21516450e+01
   -2.95765009e+00  -1.84348735e+00   2.06446165e-01   2.84107792e+00
    1.98531862e+00  -1.37528424e+01  -7.22254705e+00]
 [ -1.43917393e+01  -9.74272543e-01  -2.53259035e+00   1.54371353e+01
   -4.24929054e+00  -2.31296992e+00  -1.98707284e-01   2.78831089e+00
    2.70194424e+00  -1.79394570e+01  -1.08646916e+01]
 [ -1.56793999e+01  -1.31644761e+00  -3.26160006e+00   1.86563903e+01
   -5.03666833e+00  -2.93578788e+00   1.57095440e-02   4.22250869e+00
    2.94250845e+00  -2.07696838e+01  -1.14151436e+01]
 [ -1.17476261e+01  -1.41264369e+00  -4.43167228e+00   2.17210382e+01
   -4.82001103e+00  -3.86646648e+00   1.46768897e+00   8.63460291e+00
    2.23172947e+00  -2.08925405e+01  -5.76725337e+00]
 [ -1.20230980e+01   5.18080088e-01   5.32445290e-01   2.68729063e+00
   -1.51119486e+00   4.76741380e-01  -1.81813117e+00  -4.35711615e+00
    2.31644489e+00  -7.75963345e+00  -1.20362052e+01]
 [ -1.25961330e+01   2.13775818e-01  -2.64861960e-01   5.83880857e+00
   -2.17499614e+00  -1.90812830e-01  -1.43655112e+00  -2.51598358e+00
    2.43022360e+00  -1.02359857e+01  -1.17287537e+01]
 [ -1.31719422e+01  -9.36933115e-02  -1.05594302e+00   9.02759531e+00
   -2.82885137e+00  -8.56211313e-01  -1.05338031e+00  -6.76908066e-01
    2.54188892e+00  -1.27008227e+01  -1.14348735e+01]
 [ -1.37472414e+01  -4.01923278e-01  -1.84599599e+00   1.22197588e+01
   -3.48065809e+00  -1.52134117e+00  -6.70577901e-01   1.16420319e+00
    2.65297774e+00  -1.51634554e+01  -1.11366401e+01]
 [ -1.43225405e+01  -7.10153244e-01  -2.63604896e+00   1.54119222e+01
   -4.13246481e+00  -2.18647102e+00  -2.87775489e-01   3.00531445e+00
    2.76406656e+00  -1.76260881e+01  -1.08384068e+01]
 [ -1.48983592e+01  -1.01889696e+00  -3.42506367e+00   1.86104639e+01
   -4.78263684e+00  -2.85123626e+00   9.53293132e-02   4.84594296e+00
    2.87481634e+00  -2.00868184e+01  -1.05428245e+01]
 [ -1.54740016e+01  -1.32704456e+00  -4.21511325e+00   2.18036279e+01
   -5.43458150e+00  -3.51633411e+00   4.78355319e-01   6.68621472e+00
    2.98598432e+00  -2.25495517e+01  -1.02469258e+01]
 [ -4.76929568e+00  -1.49530646e+01  -8.48415233e+00   9.38736402e+00
   -1.68329351e+01   1.46471290e+00   8.27175443e+00  -2.52023812e+01
   -3.99136336e+01   2.10874586e+01  -2.10343546e+00]
 [ -1.23102925e+01   3.67367264e-01   1.31732090e-01   4.25529567e+00
   -1.84705458e+00   1.42395021e-01  -1.62682796e+00  -3.43978185e+00
    2.37440810e+00  -9.00211764e+00  -1.18888510e+01]
 [ -1.28852389e+01   6.03295213e-02  -6.60390626e-01   7.43670369e+00
   -2.50240655e+00  -5.23400080e-01  -1.24418314e+00  -1.59938408e+00
    2.48633331e+00  -1.14687565e+01  -1.15899851e+01]
 [ -1.34598468e+01  -2.47427876e-01  -1.45148355e+00   1.06219887e+01
   -3.15577898e+00  -1.18891055e+00  -8.61794912e-01   2.42629693e-01
    2.59772159e+00  -1.39332412e+01  -1.12879334e+01]
 [ -1.40354892e+01  -5.55575480e-01  -2.24153314e+00   1.38151526e+01
   -3.80772364e+00  -1.85400841e+00  -4.78768906e-01   2.08290145e+00
    2.70888956e+00  -1.63959746e+01  -1.09920348e+01]
 [ -1.50859263e+01  -8.86593037e-01  -2.99054394e+00   1.70276699e+01
   -4.54938917e+00  -2.49080346e+00  -2.08085487e-01   3.65243624e+00
    2.90619549e+00  -1.91030527e+01  -1.12608644e+01]
 [ -1.51872983e+01  -1.17302173e+00  -3.81956086e+00   2.02127362e+01
   -5.10813668e+00  -3.18352288e+00   2.87552496e-01   5.76373871e+00
    2.93042870e+00  -2.13174854e+01  -1.04020374e+01]
 [ -1.20820433e+01   4.88809752e-01   4.51491024e-01   3.00139186e+00
   -1.58044702e+00   4.09759598e-01  -1.77886031e+00  -4.17796429e+00
    2.32875204e+00  -8.01021586e+00  -1.20176880e+01]
 [ -1.46830381e+01   1.00536966e+00   8.65219461e-01   5.10413648e+00
   -2.63251036e+00  -7.05723571e-01  -2.49433286e+00  -4.17725753e+00
    2.23483179e+00  -1.46065315e+01  -1.45184572e+01]
 [ -1.32300389e+01  -1.24444140e-01  -1.13483941e+00   9.34895023e+00
   -2.89407549e+00  -9.22639840e-01  -1.01473444e+00  -4.94104466e-01
    2.55308264e+00  -1.29470467e+01  -1.14088173e+01]
 [ -1.04845537e+01  -2.76386592e-01  -2.20490442e+00   1.24477868e+01
   -2.90604847e+00  -1.78341699e+00   1.56023831e-01   3.24088508e+00
    2.05863465e+00  -1.36856975e+01  -7.17020612e+00]
 [ -1.43808088e+01  -7.40862891e-01  -2.71494366e+00   1.57337774e+01
   -4.19775789e+00  -2.25288355e+00  -2.49017821e-01   3.18769830e+00
    2.77529985e+00  -1.78723624e+01  -1.08135180e+01]
 [ -1.56684694e+01  -1.08303796e+00  -3.44395336e+00   1.89530323e+01
   -4.98513569e+00  -2.87570151e+00  -3.46009932e-02   4.62189610e+00
    3.01586406e+00  -2.07025893e+01  -1.13639700e+01]
 [ -1.17366956e+01  -1.17923404e+00  -4.61402558e+00   2.20176803e+01
   -4.76847839e+00  -3.80638012e+00   1.41737844e+00   9.03399032e+00
    2.30508508e+00  -2.08254460e+01  -5.71607980e+00]
 [ -1.27142968e+00  -2.58098227e+00  -2.79789502e+01  -5.47536138e+00
    5.94894543e+00   4.31238858e+00  -4.77420466e+00   4.08328710e+01
    8.38560019e+00   8.13138728e+00  -4.59918552e+00]
 [ -1.22532302e+01   3.97727886e-01   2.11671823e-01   3.94181971e+00
   -1.78040269e+00   2.09236165e-01  -1.66483605e+00  -3.62432746e+00
    2.36299409e+00  -8.75414220e+00  -1.19210603e+01]
 [ -1.28278286e+01   9.12450740e-02  -5.81487460e-01   7.11734977e+00
   -2.43745832e+00  -4.56907558e-01  -1.28238182e+00  -1.78386668e+00
    2.47529791e+00  -1.12227338e+01  -1.16207107e+01]
 [ -1.34022650e+01  -2.16553505e-01  -1.37258208e+00   1.03021345e+01
   -3.09076178e+00  -1.12243403e+00  -9.00105392e-01   5.85668432e-02
    2.58664661e+00  -1.36871682e+01  -1.13174916e+01]
 [ -1.39775641e+01  -5.24783471e-01  -2.16263505e+00   1.34942980e+01
   -3.74256850e+00  -1.78756389e+00  -5.17302980e-01   1.89967810e+00
    2.69773543e+00  -1.61498009e+01  -1.10192583e+01]
 [ -7.67185825e+00  -5.06046473e-01  -3.53127402e+00   1.64936216e+01
   -3.07508388e+00  -2.85899217e+00   1.49638632e+00   7.66961965e+00
    1.55282853e+00  -1.50453768e+01  -2.80236861e+00]
 [ -8.96139322e+00  -8.52175620e-01  -4.26069313e+00   1.97162019e+01
   -3.85439374e+00  -3.48049875e+00   1.71183798e+00   9.09969671e+00
    1.79451963e+00  -1.78693939e+01  -3.10591309e+00]
 [ -1.57045007e+01  -1.45050087e+00  -4.53071744e+00   2.30835448e+01
   -5.69471929e+00  -3.78222421e+00   6.31709037e-01   7.42204637e+00
    3.03032381e+00  -2.35338941e+01  -1.01298603e+01]
 [ -1.36623870e+01  -2.33985032e+00   1.64083217e+00   7.11389481e-01
   -4.81035187e+00   9.25039439e-01  -1.87842742e+00  -8.31825169e+00
   -1.51597003e+00  -5.79664390e+00  -1.39588759e+01]
 [ -1.23678743e+01   3.36492892e-01   5.28306191e-02   4.57514983e+00
   -1.91207178e+00   7.59184978e-02  -1.58851748e+00  -3.25571900e+00
    2.38548308e+00  -9.24819067e+00  -1.18592928e+01]
 [ -9.85856863e+00   1.75057722e-01  -1.00034300e+00   7.66309017e+00
   -1.97486800e+00  -7.71927424e-01  -4.74597573e-01   3.44122582e-01
    1.93542922e+00  -1.01158484e+01  -7.89785296e+00]
 [ -1.35174287e+01  -2.78302248e-01  -1.53038503e+00   1.09418428e+01
   -3.22079619e+00  -1.25538708e+00  -8.23484431e-01   4.26692543e-01
    2.60879657e+00  -1.41793143e+01  -1.12583751e+01]
 [ -1.40930711e+01  -5.86449852e-01  -2.32043461e+00   1.41350068e+01
   -3.87274085e+00  -1.92048494e+00  -4.40458426e-01   2.26696430e+00
    2.71996454e+00  -1.66420476e+01  -1.09624765e+01]
 [ -1.46690614e+01  -8.95152387e-01  -3.10944762e+00   1.73340487e+01
   -4.52298185e+00  -2.58523417e+00  -5.72418260e-02   4.10717305e+00
    2.83075390e+00  -1.91028282e+01  -1.06680615e+01]
 [ -1.52448802e+01  -1.20389610e+00  -3.89846233e+00   2.05325904e+01
   -5.17315389e+00  -3.24999941e+00   3.25862976e-01   5.94780156e+00
    2.94150368e+00  -2.15635585e+01  -1.03724792e+01]
 [ -1.21978840e+01   4.28500319e-01   2.91628508e-01   3.63334626e+00
   -1.71444051e+00   2.76237296e-01  -1.70172617e+00  -3.81307057e+00
    2.35197585e+00  -8.50667000e+00  -1.19649431e+01]
 [ -1.27711048e+01   1.22325351e-01  -5.02577514e-01   6.79999685e+00
   -2.37278597e+00  -3.90351041e-01  -1.32013332e+00  -1.97002828e+00
    2.46442082e+00  -1.09769124e+01  -1.16561057e+01]
 [ -1.33453696e+01  -1.85514409e-01  -1.29367383e+00   9.98428135e+00
   -3.02602046e+00  -1.05589351e+00  -9.37968684e-01  -1.27175008e-01
    2.57572994e+00  -1.34412965e+01  -1.13517193e+01]
 [ -1.39211883e+01  -4.94258125e-01  -2.08268854e+00   1.31828230e+01
   -3.67619249e+00  -1.72065875e+00  -5.54863882e-01   1.71345349e+00
    2.68647972e+00  -1.59020268e+01  -1.10561370e+01]
 [ -1.44963158e+01  -8.02529272e-01  -2.87274321e+00   1.63744862e+01
   -4.32793024e+00  -2.38580460e+00  -1.72173267e-01   3.55498450e+00
    2.79752896e+00  -1.83646091e+01  -1.07567362e+01]
 [ -6.09912090e+00   5.19731372e-01  -3.66889329e+00   1.76400756e+01
   -2.65999537e+00  -4.11763058e+00   1.36437820e+00   1.13028997e+01
    2.08613971e+00  -1.97964136e+01  -3.78586041e-01]
 [ -1.56477769e+01  -1.41942059e+00  -4.45180750e+00   2.27661919e+01
   -5.63004694e+00  -3.71566769e+00   5.93957542e-01   7.23588477e+00
    3.01944672e+00  -2.32880727e+01  -1.01652553e+01]
 [ -1.32572947e+01  -9.79754333e-01   2.45733372e+00   1.54551440e-02
   -4.00428569e+00   1.43500445e-01  -2.09854875e+00  -8.61253164e+00
   -1.10896776e+00  -9.12494443e+00  -1.41207784e+01]
 [ -1.24367252e+01   7.29285235e-02   1.55252665e-01   4.59448499e+00
   -2.03060117e+00  -5.09290177e-02  -1.49963986e+00  -3.47265955e+00
    2.32373937e+00  -9.56351229e+00  -1.18840939e+01]
 [ -1.77556247e+01  -4.57382980e-01  -2.36853089e-01   7.90914568e+00
   -3.59999148e+00  -4.37230271e-01  -2.24266225e+00  -4.33774222e+00
    3.30071151e+00  -1.44929752e+01  -1.72141724e+01]
 [ -3.05799327e+00   4.38292734e-01   1.36438887e-01   8.12533676e+00
   -1.80967376e+00  -2.69322095e+00   8.93103057e-01   6.42142682e+00
    1.69832604e+00  -1.31256256e+01   7.61035354e-01]
 [ -1.41615835e+01  -8.50733876e-01  -2.21698277e+00   1.41582189e+01
   -3.98929070e+00  -2.04704782e+00  -3.51837408e-01   2.05163974e+00
    2.65768391e+00  -1.69552152e+01  -1.09840919e+01]
 [ -1.47374022e+01  -1.15947759e+00  -3.00599748e+00   1.73567606e+01
   -4.63946273e+00  -2.71181306e+00   3.12673945e-02   3.89226825e+00
    2.76843369e+00  -1.94159455e+01  -1.06885095e+01]
 [ -1.53132209e+01  -1.46822131e+00  -3.79501219e+00   2.05553023e+01
   -5.28963477e+00  -3.37657829e+00   4.14372197e-01   5.73289675e+00
    2.87918347e+00  -2.18766757e+01  -1.03929272e+01]
 [ -1.20255006e+01   5.18656624e-01   5.32469021e-01   2.69429412e+00
   -1.51216045e+00   4.76965362e-01  -1.81656601e+00  -4.36299266e+00
    2.31699898e+00  -7.76033800e+00  -1.20525482e+01]
 [ -1.25971627e+01   2.14022905e-01  -2.64851790e-01   5.84181007e+00
   -2.17540997e+00  -1.90716837e-01  -1.43588034e+00  -2.51850208e+00
    2.43046107e+00  -1.02362876e+01  -1.17357578e+01]
 [ -1.31724571e+01  -9.35697681e-02  -1.05593794e+00   9.02909606e+00
   -2.82905828e+00  -8.56163317e-01  -1.05304492e+00  -6.78167316e-01
    2.54200766e+00  -1.27009737e+01  -1.14383756e+01]
 [ -1.37480994e+01  -4.01717372e-01  -1.84598752e+00   1.22222600e+01
   -3.48100294e+00  -1.52126117e+00  -6.70018917e-01   1.16210444e+00
    2.65317563e+00  -1.51637070e+01  -1.11424769e+01]
 [ -1.43232270e+01  -7.09988519e-01  -2.63604218e+00   1.54139232e+01
   -4.13274069e+00  -2.18640703e+00  -2.87328301e-01   3.00363545e+00
    2.76422487e+00  -1.76262894e+01  -1.08430762e+01]
 [ -1.48992173e+01  -1.01869105e+00  -3.42505520e+00   1.86129651e+01
   -4.78298170e+00  -2.85115626e+00   9.58882980e-02   4.84384421e+00
    2.87501423e+00  -2.00870700e+01  -1.05486613e+01]
 [ -1.54746881e+01  -1.32687984e+00  -4.21510647e+00   2.18056289e+01
   -5.43485739e+00  -3.51627012e+00   4.78802507e-01   6.68453572e+00
    2.98614263e+00  -2.25497530e+01  -1.02515953e+01]
 [ -1.52408880e+00  -2.38624968e+00  -2.58275833e+01  -5.01128044e+00
    5.54161701e+00   4.02212363e+00  -4.43712928e+00   3.76572436e+01
    7.82055250e+00   7.32957665e+00  -4.58898811e+00]
 [ -1.22532302e+01   3.97727886e-01   2.11671823e-01   3.94181971e+00
   -1.78040269e+00   2.09236165e-01  -1.66483605e+00  -3.62432746e+00
    2.36299409e+00  -8.75414220e+00  -1.19210603e+01]
 [ -1.28278286e+01   9.12450740e-02  -5.81487460e-01   7.11734977e+00
   -2.43745832e+00  -4.56907558e-01  -1.28238182e+00  -1.78386668e+00
    2.47529791e+00  -1.12227338e+01  -1.16207107e+01]
 [ -1.34022650e+01  -2.16553505e-01  -1.37258208e+00   1.03021345e+01
   -3.09076178e+00  -1.12243403e+00  -9.00105392e-01   5.85668432e-02
    2.58664661e+00  -1.36871682e+01  -1.13174916e+01]
 [ -1.39779073e+01  -5.24701109e-01  -2.16263166e+00   1.34952985e+01
   -3.74270644e+00  -1.78753189e+00  -5.17079386e-01   1.89883860e+00
    2.69781458e+00  -1.61499016e+01  -1.10215930e+01]
 [ -1.59741383e+01   1.14333176e+00   2.62428384e+00   1.75197769e+00
   -7.63456675e-01   2.03606541e+00  -1.54802410e+00  -3.73325497e+00
    2.62987043e+00  -8.46173197e+00  -1.59930563e+01]
 [ -2.16691801e+01   2.22016962e+00   3.15481586e+00   5.01928470e+00
   -7.00334910e-01   4.76554000e+00   2.26173278e+00   2.38011020e+00
    2.25945053e+00  -8.05867346e+00  -1.75612464e+01]
 [  6.24298225e+01   8.71871375e+01   1.05702563e+02   7.21690367e+01
    4.05225095e+01   3.98019016e+01   2.16010957e+02   5.07821744e+02
    1.53166468e+01   8.90537452e+00  -3.17603291e+02]
 [ -4.39150284e+01   1.19211063e+02   1.82329132e+02   9.02421757e+01
    4.34331827e+01   9.88692771e+01   2.90549512e+02   5.19095633e+02
   -7.15998240e+00   4.63438846e+01  -3.53554937e+02]
 [ -4.41771111e+01   1.18655574e+02   1.78857128e+02   9.28958840e+01
    4.33023931e+01   9.85694348e+01   2.90512416e+02   5.24905418e+02
   -6.34519470e+00   4.48971340e+01  -3.53281004e+02]
 [ -4.38948316e+01   1.17933566e+02   1.74973325e+02   9.54646403e+01
    4.31543027e+01   9.79647966e+01   2.90092690e+02   5.30687245e+02
   -5.41058522e+00   4.32490192e+01  -3.52819814e+02]
 [ -4.36122041e+01   1.17212113e+02   1.71088486e+02   9.80275187e+01
    4.30045085e+01   9.73598098e+01   2.89672774e+02   5.36469134e+02
   -4.47559713e+00   4.15989516e+01  -3.52357141e+02]
 [ -4.49616192e+01   1.16991882e+02   1.68435933e+02   1.00827619e+02
    4.29015061e+01   9.76681647e+01   2.90400176e+02   5.42335087e+02
   -3.89893852e+00   4.05471188e+01  -3.52451784e+02]
 [ -4.52231816e+01   1.16430570e+02   1.64961968e+02   1.03463230e+02
    4.27673189e+01   9.73673346e+01   2.90362808e+02   5.48146622e+02
   -3.08317536e+00   3.90935913e+01  -3.52173790e+02]
 [ -4.43961920e+01   1.15542598e+02   1.60665331e+02   1.05941157e+02
    4.26002239e+01   9.64575518e+01   2.89560261e+02   5.53900553e+02
   -2.02836549e+00   3.72421593e+01  -3.51523861e+02]
 [ -4.57452591e+01   1.15322922e+02   1.58011741e+02   1.08735379e+02
    4.24955178e+01   9.67655582e+01   2.90287472e+02   5.59766569e+02
   -1.45132827e+00   3.61883738e+01  -3.51617021e+02]
 [ -4.60062979e+01   1.14769097e+02   1.54536627e+02   1.11371453e+02
    4.23596173e+01   9.64646700e+01   2.90249805e+02   5.65576543e+02
   -6.35404722e-01   3.47357650e+01  -3.51338636e+02]
 [ -4.62673366e+01   1.14215273e+02   1.51061513e+02   1.14007528e+02
    4.22237167e+01   9.61637819e+01   2.90212137e+02   5.71386516e+02
    1.80518826e-01   3.32831563e+01  -3.51060252e+02]
 [ -4.63552817e+01   1.13754627e+02   1.47822067e+02   1.15678162e+02
    4.22811641e+01   9.60619746e+01   2.90059347e+02   5.76644365e+02
    9.63596055e-01   3.25668139e+01  -3.50869058e+02]
 [ -4.60408497e+01   1.13508992e+02   1.45137005e+02   1.15121572e+02
    4.27971393e+01   9.64262003e+01   2.89638765e+02   5.80613647e+02
    1.66839121e+00   3.35768881e+01  -3.50887740e+02]
 [ -4.57264177e+01   1.13263356e+02   1.42451943e+02   1.14564983e+02
    4.33131144e+01   9.67904260e+01   2.89218184e+02   5.84582929e+02
    2.37318636e+00   3.45869624e+01  -3.50906421e+02]
 [ -4.54119857e+01   1.13017721e+02   1.39766880e+02   1.14008394e+02
    4.38290896e+01   9.71546517e+01   2.88797602e+02   5.88552211e+02
    3.07798151e+00   3.55970366e+01  -3.50925102e+02]
 [ -4.50975537e+01   1.12772085e+02   1.37081818e+02   1.13451804e+02
    4.43450647e+01   9.75188774e+01   2.88377020e+02   5.92521493e+02
    3.78277666e+00   3.66071109e+01  -3.50943784e+02]
 [ -4.47831216e+01   1.12526450e+02   1.34396755e+02   1.12895215e+02
    4.48610398e+01   9.78831030e+01   2.87956438e+02   5.96490775e+02
    4.48757181e+00   3.76171851e+01  -3.50962465e+02]
 [ -4.44686896e+01   1.12280814e+02   1.31711693e+02   1.12338626e+02
    4.53770150e+01   9.82473287e+01   2.87535856e+02   6.00460058e+02
    5.19236696e+00   3.86272594e+01  -3.50981146e+02]
 [ -4.41542576e+01   1.12035179e+02   1.29026631e+02   1.11782037e+02
    4.58929901e+01   9.86115544e+01   2.87115274e+02   6.04429340e+02
    5.89716211e+00   3.96373337e+01  -3.50999828e+02]
 [ -4.38398256e+01   1.11789543e+02   1.26341568e+02   1.11225447e+02
    4.64089653e+01   9.89757801e+01   2.86694693e+02   6.08398622e+02
    6.60195726e+00   4.06474079e+01  -3.51018509e+02]
 [ -4.35253936e+01   1.11543908e+02   1.23656506e+02   1.10668858e+02
    4.69249404e+01   9.93400058e+01   2.86274111e+02   6.12367904e+02
    7.30675241e+00   4.16574822e+01  -3.51037191e+02]
 [ -4.32109616e+01   1.11298272e+02   1.20971443e+02   1.10112269e+02
    4.74409156e+01   9.97042315e+01   2.85853529e+02   6.16337186e+02
    8.01154756e+00   4.26675564e+01  -3.51055872e+02]
 [ -4.28961816e+01   1.11053192e+02   1.18285344e+02   1.09549801e+02
    4.79551871e+01   1.00068109e+02   2.85432756e+02   6.20306532e+02
    8.71672133e+00   4.36756779e+01  -3.51073070e+02]
 [ -4.25817496e+01   1.10807556e+02   1.15600282e+02   1.08993212e+02
    4.84711622e+01   1.00432334e+02   2.85012175e+02   6.24275814e+02
    9.42151648e+00   4.46857522e+01  -3.51091751e+02]
 [ -4.22673175e+01   1.10561921e+02   1.12915219e+02   1.08436623e+02
    4.89871374e+01   1.00796560e+02   2.84591593e+02   6.28245096e+02
    1.01263116e+01   4.56958265e+01  -3.51110432e+02]
 [ -4.19528855e+01   1.10316286e+02   1.10230157e+02   1.07880033e+02
    4.95031125e+01   1.01160786e+02   2.84171011e+02   6.32214378e+02
    1.08311068e+01   4.67059007e+01  -3.51129114e+02]
 [ -4.18905924e+01   1.10259560e+02   1.09694500e+02   1.07769428e+02
    4.96083616e+01   1.01233758e+02   2.84087232e+02   6.33009783e+02
    1.09718297e+01   4.69073874e+01  -3.51133537e+02]
 [ -4.18905924e+01   1.10259560e+02   1.09694500e+02   1.07769428e+02
    4.96083616e+01   1.01233758e+02   2.84087232e+02   6.33009783e+02
    1.09718297e+01   4.69073874e+01  -3.51133537e+02]
 [ -4.18905924e+01   1.10259560e+02   1.09694500e+02   1.07769428e+02
    4.96083616e+01   1.01233758e+02   2.84087232e+02   6.33009783e+02
    1.09718297e+01   4.69073874e+01  -3.51133537e+02]
 [ -4.18905924e+01   1.10259560e+02   1.09694500e+02   1.07769428e+02
    4.96083616e+01   1.01233758e+02   2.84087232e+02   6.33009783e+02
    1.09718297e+01   4.69073874e+01  -3.51133537e+02]
 [ -4.18905924e+01   1.10259560e+02   1.09694500e+02   1.07769428e+02
    4.96083616e+01   1.01233758e+02   2.84087232e+02   6.33009783e+02
    1.09718297e+01   4.69073874e+01  -3.51133537e+02]
 [ -4.18905924e+01   1.10259560e+02   1.09694500e+02   1.07769428e+02
    4.96083616e+01   1.01233758e+02   2.84087232e+02   6.33009783e+02
    1.09718297e+01   4.69073874e+01  -3.51133537e+02]
 [ -4.18905924e+01   1.10259560e+02   1.09694500e+02   1.07769428e+02
    4.96083616e+01   1.01233758e+02   2.84087232e+02   6.33009783e+02
    1.09718297e+01   4.69073874e+01  -3.51133537e+02]
 [ -4.18905924e+01   1.10259560e+02   1.09694500e+02   1.07769428e+02
    4.96083616e+01   1.01233758e+02   2.84087232e+02   6.33009783e+02
    1.09718297e+01   4.69073874e+01  -3.51133537e+02]
 [ -4.18905924e+01   1.10259560e+02   1.09694500e+02   1.07769428e+02
    4.96083616e+01   1.01233758e+02   2.84087232e+02   6.33009783e+02
    1.09718297e+01   4.69073874e+01  -3.51133537e+02]
 [ -4.18905924e+01   1.10259560e+02   1.09694500e+02   1.07769428e+02
    4.96083616e+01   1.01233758e+02   2.84087232e+02   6.33009783e+02
    1.09718297e+01   4.69073874e+01  -3.51133537e+02]
 [ -4.18905924e+01   1.10259560e+02   1.09694500e+02   1.07769428e+02
    4.96083616e+01   1.01233758e+02   2.84087232e+02   6.33009783e+02
    1.09718297e+01   4.69073874e+01  -3.51133537e+02]
 [ -4.18905924e+01   1.10259560e+02   1.09694500e+02   1.07769428e+02
    4.96083616e+01   1.01233758e+02   2.84087232e+02   6.33009783e+02
    1.09718297e+01   4.69073874e+01  -3.51133537e+02]
 [ -4.18905924e+01   1.10259560e+02   1.09694500e+02   1.07769428e+02
    4.96083616e+01   1.01233758e+02   2.84087232e+02   6.33009783e+02
    1.09718297e+01   4.69073874e+01  -3.51133537e+02]
 [ -4.18905924e+01   1.10259560e+02   1.09694500e+02   1.07769428e+02
    4.96083616e+01   1.01233758e+02   2.84087232e+02   6.33009783e+02
    1.09718297e+01   4.69073874e+01  -3.51133537e+02]
 [ -4.18905924e+01   1.10259560e+02   1.09694500e+02   1.07769428e+02
    4.96083616e+01   1.01233758e+02   2.84087232e+02   6.33009783e+02
    1.09718297e+01   4.69073874e+01  -3.51133537e+02]
 [ -4.18905924e+01   1.10259560e+02   1.09694500e+02   1.07769428e+02
    4.96083616e+01   1.01233758e+02   2.84087232e+02   6.33009783e+02
    1.09718297e+01   4.69073874e+01  -3.51133537e+02]
 [ -4.08025640e+01   1.09925412e+02   1.08872977e+02   1.07611280e+02
    4.95771671e+01   1.00624864e+02   2.83322354e+02   6.32953741e+02
    1.12107160e+01   4.65085642e+01  -3.50761993e+02]
 [ -4.18905924e+01   1.10259560e+02   1.09694500e+02   1.07769428e+02
    4.96083616e+01   1.01233758e+02   2.84087232e+02   6.33009783e+02
    1.09718297e+01   4.69073874e+01  -3.51133537e+02]
 [ -4.18905924e+01   1.10259560e+02   1.09694500e+02   1.07769428e+02
    4.96083616e+01   1.01233758e+02   2.84087232e+02   6.33009783e+02
    1.09718297e+01   4.69073874e+01  -3.51133537e+02]
 [ -4.18905924e+01   1.10259560e+02   1.09694500e+02   1.07769428e+02
    4.96083616e+01   1.01233758e+02   2.84087232e+02   6.33009783e+02
    1.09718297e+01   4.69073874e+01  -3.51133537e+02]
 [ -4.18905924e+01   1.10259560e+02   1.09694500e+02   1.07769428e+02
    4.96083616e+01   1.01233758e+02   2.84087232e+02   6.33009783e+02
    1.09718297e+01   4.69073874e+01  -3.51133537e+02]
 [ -4.18905924e+01   1.10259560e+02   1.09694500e+02   1.07769428e+02
    4.96083616e+01   1.01233758e+02   2.84087232e+02   6.33009783e+02
    1.09718297e+01   4.69073874e+01  -3.51133537e+02]
 [ -4.18905924e+01   1.10259560e+02   1.09694500e+02   1.07769428e+02
    4.96083616e+01   1.01233758e+02   2.84087232e+02   6.33009783e+02
    1.09718297e+01   4.69073874e+01  -3.51133537e+02]
 [  5.65759771e+01   8.00191799e+01   3.53465942e+01   9.34570332e+01
    4.67852602e+01   4.61288024e+01   2.14865731e+02   6.27937973e+02
    3.25910423e+01   1.08138891e+01  -3.17508768e+02]
 [ -4.18905924e+01   1.10259560e+02   1.09694500e+02   1.07769428e+02
    4.96083616e+01   1.01233758e+02   2.84087232e+02   6.33009783e+02
    1.09718297e+01   4.69073874e+01  -3.51133537e+02]
 [ -4.18905924e+01   1.10259560e+02   1.09694500e+02   1.07769428e+02
    4.96083616e+01   1.01233758e+02   2.84087232e+02   6.33009783e+02
    1.09718297e+01   4.69073874e+01  -3.51133537e+02]
 [ -4.13465782e+01   1.10092486e+02   1.09283739e+02   1.07690354e+02
    4.95927643e+01   1.00929311e+02   2.83704793e+02   6.32981762e+02
    1.10912729e+01   4.67079758e+01  -3.50947765e+02]
 [ -4.18905924e+01   1.10259560e+02   1.09694500e+02   1.07769428e+02
    4.96083616e+01   1.01233758e+02   2.84087232e+02   6.33009783e+02
    1.09718297e+01   4.69073874e+01  -3.51133537e+02]
 [ -4.18905924e+01   1.10259560e+02   1.09694500e+02   1.07769428e+02
    4.96083616e+01   1.01233758e+02   2.84087232e+02   6.33009783e+02
    1.09718297e+01   4.69073874e+01  -3.51133537e+02]
 [ -4.18905924e+01   1.10259560e+02   1.09694500e+02   1.07769428e+02
    4.96083616e+01   1.01233758e+02   2.84087232e+02   6.33009783e+02
    1.09718297e+01   4.69073874e+01  -3.51133537e+02]
 [  2.31204534e+02   2.63884507e+01  -9.65079800e+01   6.80742780e+01
    4.17785445e+01  -5.15987716e+01   9.21027376e+01   6.18943216e+02
    7.09322977e+01  -5.31972321e+01  -2.57875891e+02]
 [ -4.18905924e+01   1.10259560e+02   1.09694500e+02   1.07769428e+02
    4.96083616e+01   1.01233758e+02   2.84087232e+02   6.33009783e+02
    1.09718297e+01   4.69073874e+01  -3.51133537e+02]
 [ -4.18905924e+01   1.10259560e+02   1.09694500e+02   1.07769428e+02
    4.96083616e+01   1.01233758e+02   2.84087232e+02   6.33009783e+02
    1.09718297e+01   4.69073874e+01  -3.51133537e+02]
 [ -4.18905924e+01   1.10259560e+02   1.09694500e+02   1.07769428e+02
    4.96083616e+01   1.01233758e+02   2.84087232e+02   6.33009783e+02
    1.09718297e+01   4.69073874e+01  -3.51133537e+02]
 [ -4.18905924e+01   1.10259560e+02   1.09694500e+02   1.07769428e+02
    4.96083616e+01   1.01233758e+02   2.84087232e+02   6.33009783e+02
    1.09718297e+01   4.69073874e+01  -3.51133537e+02]
 [ -4.18905924e+01   1.10259560e+02   1.09694500e+02   1.07769428e+02
    4.96083616e+01   1.01233758e+02   2.84087232e+02   6.33009783e+02
    1.09718297e+01   4.69073874e+01  -3.51133537e+02]
 [ -4.18905924e+01   1.10259560e+02   1.09694500e+02   1.07769428e+02
    4.96083616e+01   1.01233758e+02   2.84087232e+02   6.33009783e+02
    1.09718297e+01   4.69073874e+01  -3.51133537e+02]
 [  5.43999204e+01   8.06874756e+01   3.69896418e+01   9.37733292e+01
    4.68476492e+01   4.73465915e+01   2.16395488e+02   6.28050057e+02
    3.21132696e+01   1.16115355e+01  -3.18251857e+02]
 [ -4.18905924e+01   1.10259560e+02   1.09694500e+02   1.07769428e+02
    4.96083616e+01   1.01233758e+02   2.84087232e+02   6.33009783e+02
    1.09718297e+01   4.69073874e+01  -3.51133537e+02]
 [ -4.18905924e+01   1.10259560e+02   1.09694500e+02   1.07769428e+02
    4.96083616e+01   1.01233758e+02   2.84087232e+02   6.33009783e+02
    1.09718297e+01   4.69073874e+01  -3.51133537e+02]
 [ -4.18905924e+01   1.10259560e+02   1.09694500e+02   1.07769428e+02
    4.96083616e+01   1.01233758e+02   2.84087232e+02   6.33009783e+02
    1.09718297e+01   4.69073874e+01  -3.51133537e+02]
 [ -4.18905924e+01   1.10259560e+02   1.09694500e+02   1.07769428e+02
    4.96083616e+01   1.01233758e+02   2.84087232e+02   6.33009783e+02
    1.09718297e+01   4.69073874e+01  -3.51133537e+02]
 [ -4.18905924e+01   1.10259560e+02   1.09694500e+02   1.07769428e+02
    4.96083616e+01   1.01233758e+02   2.84087232e+02   6.33009783e+02
    1.09718297e+01   4.69073874e+01  -3.51133537e+02]
 [ -4.18905924e+01   1.10259560e+02   1.09694500e+02   1.07769428e+02
    4.96083616e+01   1.01233758e+02   2.84087232e+02   6.33009783e+02
    1.09718297e+01   4.69073874e+01  -3.51133537e+02]
 [ -4.18905924e+01   1.10259560e+02   1.09694500e+02   1.07769428e+02
    4.96083616e+01   1.01233758e+02   2.84087232e+02   6.33009783e+02
    1.09718297e+01   4.69073874e+01  -3.51133537e+02]
 [ -4.18905924e+01   1.10259560e+02   1.09694500e+02   1.07769428e+02
    4.96083616e+01   1.01233758e+02   2.84087232e+02   6.33009783e+02
    1.09718297e+01   4.69073874e+01  -3.51133537e+02]
 [ -4.18905924e+01   1.10259560e+02   1.09694500e+02   1.07769428e+02
    4.96083616e+01   1.01233758e+02   2.84087232e+02   6.33009783e+02
    1.09718297e+01   4.69073874e+01  -3.51133537e+02]
 [ -4.18905924e+01   1.10259560e+02   1.09694500e+02   1.07769428e+02
    4.96083616e+01   1.01233758e+02   2.84087232e+02   6.33009783e+02
    1.09718297e+01   4.69073874e+01  -3.51133537e+02]
 [ -4.18905924e+01   1.10259560e+02   1.09694500e+02   1.07769428e+02
    4.96083616e+01   1.01233758e+02   2.84087232e+02   6.33009783e+02
    1.09718297e+01   4.69073874e+01  -3.51133537e+02]
 [ -4.18905924e+01   1.10259560e+02   1.09694500e+02   1.07769428e+02
    4.96083616e+01   1.01233758e+02   2.84087232e+02   6.33009783e+02
    1.09718297e+01   4.69073874e+01  -3.51133537e+02]
 [ -4.18905924e+01   1.10259560e+02   1.09694500e+02   1.07769428e+02
    4.96083616e+01   1.01233758e+02   2.84087232e+02   6.33009783e+02
    1.09718297e+01   4.69073874e+01  -3.51133537e+02]
 [ -4.18905924e+01   1.10259560e+02   1.09694500e+02   1.07769428e+02
    4.96083616e+01   1.01233758e+02   2.84087232e+02   6.33009783e+02
    1.09718297e+01   4.69073874e+01  -3.51133537e+02]
 [ -4.18905924e+01   1.10259560e+02   1.09694500e+02   1.07769428e+02
    4.96083616e+01   1.01233758e+02   2.84087232e+02   6.33009783e+02
    1.09718297e+01   4.69073874e+01  -3.51133537e+02]
 [ -4.18905924e+01   1.10259560e+02   1.09694500e+02   1.07769428e+02
    4.96083616e+01   1.01233758e+02   2.84087232e+02   6.33009783e+02
    1.09718297e+01   4.69073874e+01  -3.51133537e+02]
 [ -4.18905924e+01   1.10259560e+02   1.09694500e+02   1.07769428e+02
    4.96083616e+01   1.01233758e+02   2.84087232e+02   6.33009783e+02
    1.09718297e+01   4.69073874e+01  -3.51133537e+02]
 [ -4.18905924e+01   1.10259560e+02   1.09694500e+02   1.07769428e+02
    4.96083616e+01   1.01233758e+02   2.84087232e+02   6.33009783e+02
    1.09718297e+01   4.69073874e+01  -3.51133537e+02]
 [ -4.18905924e+01   1.10259560e+02   1.09694500e+02   1.07769428e+02
    4.96083616e+01   1.01233758e+02   2.84087232e+02   6.33009783e+02
    1.09718297e+01   4.69073874e+01  -3.51133537e+02]
 [ -4.18905924e+01   1.10259560e+02   1.09694500e+02   1.07769428e+02
    4.96083616e+01   1.01233758e+02   2.84087232e+02   6.33009783e+02
    1.09718297e+01   4.69073874e+01  -3.51133537e+02]
 [ -4.18905924e+01   1.10259560e+02   1.09694500e+02   1.07769428e+02
    4.96083616e+01   1.01233758e+02   2.84087232e+02   6.33009783e+02
    1.09718297e+01   4.69073874e+01  -3.51133537e+02]
 [ -4.18905924e+01   1.10259560e+02   1.09694500e+02   1.07769428e+02
    4.96083616e+01   1.01233758e+02   2.84087232e+02   6.33009783e+02
    1.09718297e+01   4.69073874e+01  -3.51133537e+02]
 [ -4.18905924e+01   1.10259560e+02   1.09694500e+02   1.07769428e+02
    4.96083616e+01   1.01233758e+02   2.84087232e+02   6.33009783e+02
    1.09718297e+01   4.69073874e+01  -3.51133537e+02]
 [ -4.18905924e+01   1.10259560e+02   1.09694500e+02   1.07769428e+02
    4.96083616e+01   1.01233758e+02   2.84087232e+02   6.33009783e+02
    1.09718297e+01   4.69073874e+01  -3.51133537e+02]
 [ -4.18905924e+01   1.10259560e+02   1.09694500e+02   1.07769428e+02
    4.96083616e+01   1.01233758e+02   2.84087232e+02   6.33009783e+02
    1.09718297e+01   4.69073874e+01  -3.51133537e+02]
 [ -4.18905924e+01   1.10259560e+02   1.09694500e+02   1.07769428e+02
    4.96083616e+01   1.01233758e+02   2.84087232e+02   6.33009783e+02
    1.09718297e+01   4.69073874e+01  -3.51133537e+02]
 [ -4.08025640e+01   1.09925412e+02   1.08872977e+02   1.07611280e+02
    4.95771671e+01   1.00624864e+02   2.83322354e+02   6.32953741e+02
    1.12107160e+01   4.65085642e+01  -3.50761993e+02]
 [ -4.18905924e+01   1.10259560e+02   1.09694500e+02   1.07769428e+02
    4.96083616e+01   1.01233758e+02   2.84087232e+02   6.33009783e+02
    1.09718297e+01   4.69073874e+01  -3.51133537e+02]
 [ -4.18905924e+01   1.10259560e+02   1.09694500e+02   1.07769428e+02
    4.96083616e+01   1.01233758e+02   2.84087232e+02   6.33009783e+02
    1.09718297e+01   4.69073874e+01  -3.51133537e+02]
 [ -4.18905924e+01   1.10259560e+02   1.09694500e+02   1.07769428e+02
    4.96083616e+01   1.01233758e+02   2.84087232e+02   6.33009783e+02
    1.09718297e+01   4.69073874e+01  -3.51133537e+02]
 [ -4.08025640e+01   1.09925412e+02   1.08872977e+02   1.07611280e+02
    4.95771671e+01   1.00624864e+02   2.83322354e+02   6.32953741e+02
    1.12107160e+01   4.65085642e+01  -3.50761993e+02]
 [ -4.18905924e+01   1.10259560e+02   1.09694500e+02   1.07769428e+02
    4.96083616e+01   1.01233758e+02   2.84087232e+02   6.33009783e+02
    1.09718297e+01   4.69073874e+01  -3.51133537e+02]
 [ -4.18905924e+01   1.10259560e+02   1.09694500e+02   1.07769428e+02
    4.96083616e+01   1.01233758e+02   2.84087232e+02   6.33009783e+02
    1.09718297e+01   4.69073874e+01  -3.51133537e+02]
 [ -4.18905924e+01   1.10259560e+02   1.09694500e+02   1.07769428e+02
    4.96083616e+01   1.01233758e+02   2.84087232e+02   6.33009783e+02
    1.09718297e+01   4.69073874e+01  -3.51133537e+02]
 [  1.06509841e+01  -3.26908396e+01  -1.29227830e+01   1.28651238e+01
   -3.68334893e+01   1.12941923e+00   2.25536322e+01  -8.01927924e+00
   -7.54318879e+01   3.56809253e+01  -3.84882267e+01]
 [  1.57383285e+01  -2.91744905e+01   4.97137806e+00  -4.86874387e+00
   -3.25478661e+01  -3.74079946e+00   1.93878645e+01   1.99520876e+01
   -4.01029409e+01   1.59220242e+01  -4.54046395e+01]
 [  1.45025337e+01  -1.67044992e+01  -1.25079766e+01   1.32201927e+01
   -1.86475389e+01  -1.71049363e+00   2.02269398e+01   1.79619005e+01
   -4.65001192e+01   2.26789832e+01  -4.60134398e+01]
 [  1.41445783e+01  -1.66938122e+01  -1.29459027e+01   1.34017689e+01
   -1.86990187e+01  -1.77415825e+00   2.05100346e+01   1.86046557e+01
   -4.63710703e+01   2.25188249e+01  -4.58203016e+01]
 [  1.46618583e+01  -1.68849776e+01  -1.37038696e+01   1.35507755e+01
   -1.87401217e+01  -2.10890658e+00   2.01239348e+01   1.91829766e+01
   -4.61711551e+01   2.21683847e+01  -4.55514031e+01]
 [  1.40913855e+01  -1.67536669e+01  -1.36405442e+01   1.38705914e+01
   -1.87457534e+01  -1.83472000e+00   2.05026521e+01   1.98078425e+01
   -4.62096635e+01   2.22187109e+01  -4.56746151e+01]
 [  1.40651105e+01  -1.67972111e+01  -1.39881350e+01   1.41197741e+01
   -1.87641313e+01  -1.86495378e+00   2.04988894e+01   2.03983559e+01
   -4.61284203e+01   2.20709210e+01  -4.56257655e+01]
 [  1.40388355e+01  -1.68407554e+01  -1.43357259e+01   1.43689569e+01
   -1.87825092e+01  -1.89518755e+00   2.04951267e+01   2.09888694e+01
   -4.60471770e+01   2.19231311e+01  -4.55769159e+01]
 [  1.40126523e+01  -1.68881902e+01  -1.46833939e+01   1.46223600e+01
   -1.87994615e+01  -1.92540787e+00   2.04913436e+01   2.15762171e+01
   -4.59657796e+01   2.17759890e+01  -4.55349217e+01]
 [  1.39865610e+01  -1.69395156e+01  -1.50311390e+01   1.48799837e+01
   -1.88149882e+01  -1.95561473e+00   2.04875401e+01   2.21603991e+01
   -4.58842279e+01   2.16294945e+01  -4.54997828e+01]
 [  1.39604697e+01  -1.69908410e+01  -1.53788842e+01   1.51376073e+01
   -1.88305149e+01  -1.98582159e+00   2.04837366e+01   2.27445810e+01
   -4.58026762e+01   2.14830001e+01  -4.54646439e+01]
 [  1.41706344e+01  -1.70057623e+01  -1.57390844e+01   1.53960042e+01
   -1.88038497e+01  -2.06079626e+00   2.05675602e+01   2.37852484e+01
   -4.56724492e+01   2.13236761e+01  -4.56837990e+01]
 [  1.41445431e+01  -1.70570877e+01  -1.60868296e+01   1.56536278e+01
   -1.88193765e+01  -2.09100312e+00   2.05637567e+01   2.43694303e+01
   -4.55908975e+01   2.11771816e+01  -4.56486601e+01]
 [  1.41185436e+01  -1.71123037e+01  -1.64346519e+01   1.59154719e+01
   -1.88334776e+01  -2.12119653e+00   2.05599328e+01   2.49504466e+01
   -4.55091915e+01   2.10313349e+01  -4.56203766e+01]
 [  1.40924523e+01  -1.71636291e+01  -1.67823971e+01   1.61730955e+01
   -1.88490043e+01  -2.15140339e+00   2.05561292e+01   2.55346286e+01
   -4.54276398e+01   2.08848405e+01  -4.55852377e+01]
 [  1.46104670e+01  -1.73859189e+01  -1.75409814e+01   1.63558655e+01
   -1.88787027e+01  -2.48604406e+00   2.01698661e+01   2.60876238e+01
   -4.52264907e+01   2.05395822e+01  -4.53711819e+01]
 [  1.40403615e+01  -1.72701704e+01  -1.74779646e+01   1.66925632e+01
   -1.88786322e+01  -2.21180365e+00   2.05485018e+01   2.66998269e+01
   -4.52643822e+01   2.05924994e+01  -4.55218152e+01]
 [  1.40143620e+01  -1.73253863e+01  -1.78257870e+01   1.69544072e+01
   -1.88927334e+01  -2.24199706e+00   2.05446778e+01   2.72808431e+01
   -4.51826762e+01   2.04466527e+01  -4.54935317e+01]
 [  1.39883625e+01  -1.73806023e+01  -1.81736093e+01   1.72162513e+01
   -1.89068345e+01  -2.27219046e+00   2.05408539e+01   2.78618594e+01
   -4.51009703e+01   2.03008060e+01  -4.54652481e+01]
 [  1.39622712e+01  -1.74319277e+01  -1.85213545e+01   1.74738749e+01
   -1.89223613e+01  -2.30239732e+00   2.05370504e+01   2.84460414e+01
   -4.50194186e+01   2.01543115e+01  -4.54301092e+01]
 [  1.39362717e+01  -1.74871436e+01  -1.88691768e+01   1.77357189e+01
   -1.89364624e+01  -2.33259073e+00   2.05332264e+01   2.90270577e+01
   -4.49377127e+01   2.00084648e+01  -4.54018257e+01]
 [  1.39102722e+01  -1.75423596e+01  -1.92169992e+01   1.79975630e+01
   -1.89505636e+01  -2.36278413e+00   2.05294025e+01   2.96080739e+01
   -4.48560067e+01   1.98626182e+01  -4.53735421e+01]
 [  1.38842727e+01  -1.75975755e+01  -1.95648215e+01   1.82594070e+01
   -1.89646647e+01  -2.39297754e+00   2.05255785e+01   3.01890902e+01
   -4.47743008e+01   1.97167715e+01  -4.53452585e+01]
 [  1.45176983e+01  -2.98191431e+01  -2.36634793e+00   5.55600055e-01
   -3.29460125e+01  -4.17942919e+00   2.00635129e+01   3.35314418e+01
   -3.83399339e+01   1.28356857e+01  -4.45485523e+01]
 [  1.43748581e+01  -1.78765002e+01  -2.06710982e+01   1.86978883e+01
   -1.90064588e+01  -2.75744106e+00   2.01364535e+01   3.13267951e+01
   -4.44907312e+01   1.92259703e+01  -4.51220729e+01]
 [  1.43488586e+01  -1.79317161e+01  -2.10189205e+01   1.89597324e+01
   -1.90205600e+01  -2.78763446e+00   2.01326296e+01   3.19078114e+01
   -4.44090253e+01   1.90801236e+01  -4.50937894e+01]
 [  1.43228591e+01  -1.79869321e+01  -2.13667428e+01   1.92215764e+01
   -1.90346612e+01  -2.81782787e+00   2.01288057e+01   3.24888276e+01
   -4.43273193e+01   1.89342769e+01  -4.50655058e+01]
 [  1.42971942e+01  -1.80408207e+01  -2.17145784e+01   1.94838986e+01
   -1.90496200e+01  -2.84811727e+00   2.01247463e+01   3.30697120e+01
   -4.42458306e+01   1.87881923e+01  -4.50307200e+01]
 [  1.42711947e+01  -1.80960366e+01  -2.20624007e+01   1.97457426e+01
   -1.90637212e+01  -2.87831068e+00   2.01209223e+01   3.36507283e+01
   -4.41641246e+01   1.86423456e+01  -4.50024365e+01]
 [  1.37007547e+01  -1.79816154e+01  -2.19993708e+01   2.00819621e+01
   -1.90627929e+01  -2.60397426e+00   2.04997935e+01   3.42630632e+01
   -4.42017989e+01   1.86955007e+01  -4.51595720e+01]
 [  1.42187694e+01  -1.82039053e+01  -2.27579550e+01   2.02647322e+01
   -1.90924913e+01  -2.93861494e+00   2.01135303e+01   3.48160584e+01
   -4.40006498e+01   1.83502424e+01  -4.49455163e+01]
 [  1.41931044e+01  -1.82577939e+01  -2.31057906e+01   2.05270543e+01
   -1.91074502e+01  -2.96890435e+00   2.01094709e+01   3.53969428e+01
   -4.39191611e+01   1.82041578e+01  -4.49107304e+01]
 [  1.41671049e+01  -1.83130098e+01  -2.34536129e+01   2.07888984e+01
   -1.91215514e+01  -2.99909775e+00   2.01056470e+01   3.59779591e+01
   -4.38374551e+01   1.80583111e+01  -4.48824469e+01]
 [  1.41411054e+01  -1.83682258e+01  -2.38014352e+01   2.10507424e+01
   -1.91356525e+01  -3.02929115e+00   2.01018230e+01   3.65589753e+01
   -4.37557492e+01   1.79124644e+01  -4.48541633e+01]
 [  1.41151060e+01  -1.84234417e+01  -2.41492576e+01   2.13125865e+01
   -1.91497537e+01  -3.05948456e+00   2.00979991e+01   3.71399916e+01
   -4.36740432e+01   1.77666177e+01  -4.48258798e+01]
 [  1.35450923e+01  -1.83115837e+01  -2.40863180e+01   2.16535045e+01
   -1.91482576e+01  -2.78523069e+00   2.04766144e+01   3.77490289e+01
   -4.37117805e+01   1.78201826e+01  -4.49833684e+01]
 [  1.44202942e+01  -1.80363798e+01  -2.46188674e+01   2.16122277e+01
   -1.88574844e+01  -2.92953431e+00   2.04980775e+01   3.83611455e+01
   -4.32286834e+01   1.65563298e+01  -4.43554556e+01]
 [  1.38514677e+01  -1.79283209e+01  -2.45561217e+01   2.19630209e+01
   -1.88557104e+01  -2.65554154e+00   2.08759457e+01   3.89634557e+01
   -4.32667637e+01   1.66104765e+01  -4.45071482e+01]
 [  1.29234141e+01  -1.83088303e+01  -2.47190363e+01   2.25185888e+01
   -1.91758215e+01  -2.57145964e+00   2.08473464e+01   3.95199669e+01
   -4.35863230e+01   1.75818162e+01  -4.50777877e+01]
 [  1.39854431e+01  -1.86981941e+01  -2.58883825e+01   2.26222848e+01
   -1.92211172e+01  -3.21054758e+00   2.00786440e+01   4.00449411e+01
   -4.32657307e+01   1.70371463e+01  -4.46779597e+01]
 [  1.43166308e+01  -1.82559163e+01  -2.60101699e+01   2.26600820e+01
   -1.89147467e+01  -3.05040393e+00   2.04825463e+01   4.06850787e+01
   -4.29020768e+01   1.59727051e+01  -4.42358191e+01]
 [  1.37474698e+01  -1.81491847e+01  -2.59474111e+01   2.30103971e+01
   -1.89121150e+01  -2.77631515e+00   2.08606499e+01   4.12875208e+01
   -4.29399400e+01   1.60270897e+01  -4.43940139e+01]
 [  1.39070183e+01  -1.88612787e+01  -2.69317591e+01   2.34031185e+01
   -1.92639885e+01  -3.30104525e+00   2.00674280e+01   4.17912875e+01
   -4.30205500e+01   1.65991964e+01  -4.45927560e+01]
 [  1.33370046e+01  -1.87494208e+01  -2.68688196e+01   2.37440365e+01
   -1.92624924e+01  -3.02679138e+00   2.04460433e+01   4.24003248e+01
   -4.30582872e+01   1.66527613e+01  -4.47502446e+01]
 [  1.38550193e+01  -1.89717106e+01  -2.76274038e+01   2.39268066e+01
   -1.92921908e+01  -3.36143206e+00   2.00597801e+01   4.29533201e+01
   -4.28571381e+01   1.63075030e+01  -4.45361889e+01]
 [  1.38293543e+01  -1.90255992e+01  -2.79752393e+01   2.41891287e+01
   -1.93071497e+01  -3.39172146e+00   2.00557207e+01   4.35342044e+01
   -4.27756493e+01   1.61614184e+01  -4.45014030e+01]
 [  1.38033548e+01  -1.90808152e+01  -2.83230617e+01   2.44509727e+01
   -1.93212508e+01  -3.42191487e+00   2.00518968e+01   4.41152207e+01
   -4.26939434e+01   1.60155717e+01  -4.44731195e+01]
 [  1.32333412e+01  -1.89689572e+01  -2.82601221e+01   2.47918908e+01
   -1.93197547e+01  -3.14766100e+00   2.04305121e+01   4.47242580e+01
   -4.27316806e+01   1.60691366e+01  -4.46306081e+01]
 [  1.37513559e+01  -1.91912470e+01  -2.90187064e+01   2.49746608e+01
   -1.93494531e+01  -3.48230168e+00   2.00442489e+01   4.52772532e+01
   -4.25305315e+01   1.57238783e+01  -4.44165524e+01]
 [  1.37253564e+01  -1.92464630e+01  -2.93665287e+01   2.52365049e+01
   -1.93635543e+01  -3.51249508e+00   2.00404250e+01   4.58582695e+01
   -4.24488256e+01   1.55780316e+01  -4.43882688e+01]
 [  1.36993569e+01  -1.93016789e+01  -2.97143510e+01   2.54983489e+01
   -1.93776554e+01  -3.54268848e+00   2.00366010e+01   4.64392858e+01
   -4.23671196e+01   1.54321849e+01  -4.43599853e+01]
 [  1.36733574e+01  -1.93568949e+01  -3.00621734e+01   2.57601930e+01
   -1.93917566e+01  -3.57288189e+00   2.00327771e+01   4.70203021e+01
   -4.22854137e+01   1.52863382e+01  -4.43317017e+01]
 [  6.84875228e+00  -2.39718684e+02  -1.63176478e+02   1.51504185e+02
   -2.55479484e+02   1.23675200e+01   1.39667115e+02  -2.95147869e+02
   -6.20520300e+02   3.54075769e+02  -2.56817898e+01]
 [  2.27483796e+01  -5.29210154e+01  -2.48504423e+01   2.31281887e+01
   -5.71035578e+01  -1.13296319e+00   3.88769833e+01  -2.94664276e+01
   -1.29382180e+02   7.25834927e+01  -2.93807150e+01]
 [ -1.30622390e+02  -4.69104666e+03  -2.77353667e+03   2.62572981e+03
   -5.01511661e+03   3.49163216e+02   2.54602272e+03  -7.15330426e+03
   -1.21557084e+04   7.16902905e+03   3.17529253e+02]
 [  2.62224562e+02  -1.15211577e+03  -7.41654922e+02   7.52106710e+02
   -1.23568662e+03   1.20559724e+01   7.78252739e+02  -1.16843474e+03
   -3.01782359e+03   1.74033936e+03  -2.53203734e+02]
 [  1.43923886e+02   2.23997537e+01  -2.82007627e+01  -4.77957207e+00
    3.16512842e+01  -2.44931631e+01   4.90487854e+01   3.11891643e+02
    3.68450009e+01  -5.35776638e+00  -1.59259754e+02]
 [ -1.00373745e+00  -7.42005812e-01  -2.16588114e+01  -4.30611086e+00
    5.29428377e+00   2.97777483e+00  -4.45202350e+00   3.17842056e+01
    5.34484145e+00   3.40970866e+00  -3.12663332e+00]
 [ -2.89262371e+01  -9.71242765e+02  -6.66390863e+02   6.14490995e+02
   -1.02747466e+03   6.39166075e+01   5.26252088e+02  -1.31436196e+03
   -2.48375952e+03   1.43657150e+03   6.21717965e+01]
 [  1.98732986e+01  -5.44800992e+01  -2.28643672e+01   2.12521628e+01
   -5.88700821e+01  -7.42472892e-01   3.76969505e+01  -3.43550907e+01
   -1.28724124e+02   7.19125528e+01  -2.64042894e+01]
 [  1.95240434e+01  -3.26718159e+02  -1.74439404e+02   1.63434911e+02
   -3.51250324e+02   1.60822300e+01   1.85847423e+02  -4.22271349e+02
   -8.18536065e+02   4.77642900e+02  -2.36459277e+01]
 [  7.61194384e+00  -9.52850518e+01   3.61978118e+00   5.40468710e+01
   -1.12278941e+02  -2.15991705e+01   4.73200577e+01   2.94458583e+01
   -1.01380925e+02  -7.33142855e+00  -2.39110702e+01]
 [  4.93873094e-01  -8.08909267e+01   7.65109145e+00   5.04979991e+01
   -9.67113919e+01  -2.11773551e+01   3.71216839e+01   3.44027487e+01
   -7.14243499e+01  -2.51144487e+01  -1.65491325e+01]
 [  2.01251092e+02   3.34425734e+01  -9.34440069e+00   6.00008947e-01
    3.83062238e+01  -3.89729713e+01   7.50656854e+01   3.94334606e+02
    4.32009025e+01  -1.66704491e+01  -2.23196087e+02]
 [ -1.74113802e+03  -5.53659144e+04  -3.33503907e+04   3.16049216e+04
   -5.91524808e+04   4.23311086e+03   3.01159033e+04  -8.54320394e+04
   -1.44449472e+05   8.52774663e+04   4.17337318e+03]
 [ -3.67235163e+03  -1.16893966e+05  -7.04122522e+04   6.67255132e+04
   -1.24888542e+05   8.93748026e+03   6.35835701e+04  -1.80368179e+05
   -3.04971715e+05   1.80048818e+05   8.81432044e+03]
 [  1.56446704e+02   2.65816893e+01  -7.74141578e+00   4.56875057e-01
    3.04427494e+01  -3.03463203e+01   5.82861402e+01   3.08794050e+02
    3.41658892e+01  -1.39487646e+01  -1.74858980e+02]
 [ -3.30481056e+00   1.29995215e+00  -3.46160212e-02   4.98073290e-01
    1.27483967e+00  -7.06263142e-02  -6.31085261e-01  -1.21972056e-01
   -2.00573267e-01  -4.50727950e+00  -2.88828982e+00]
 [ -9.81840425e+00  -2.78022745e+01  -3.33544701e+01   9.39587881e+01
   -3.82749271e+01  -1.65558789e+01   2.43782437e+01   2.64572613e+01
   -5.51846387e+01  -3.28474607e+01  -2.91312555e+00]
 [  9.15709854e+01  -1.10549691e+03  -5.99118580e+02   5.64384295e+02
   -1.18457200e+03   5.29492712e+01   6.43343073e+02  -1.40720932e+03
   -2.75128584e+03   1.63296066e+03  -8.56215974e+01]
 [  2.07050238e+02  -3.05910439e+02  -1.63264069e+02   1.97396952e+02
   -3.36338731e+02  -2.49021416e+01   2.62662569e+02   9.36849393e+00
   -7.14620832e+02   3.77346349e+02  -2.23657291e+02]
 [ -1.83130566e+01   2.37866785e+01   1.33046820e+01  -1.27539510e+01
    3.75287567e+01   2.76703504e+01   2.31650354e+01   4.08071234e+00
   -3.14903431e+01   1.22665887e+01  -2.54854269e+01]
 [ -1.88830703e+01   2.38985365e+01   1.33676215e+01  -1.24130329e+01
    3.75302528e+01   2.79446043e+01   2.35436507e+01   4.68974966e+00
   -3.15280803e+01   1.23201536e+01  -2.56429156e+01]
 [ -1.96256207e+01   2.38498179e+01   1.34093144e+01  -1.19134551e+01
    3.72906734e+01   2.83469173e+01   2.39553098e+01   5.19517910e+00
   -3.15646256e+01   1.27284146e+01  -2.60541689e+01]
 [ -2.00377831e+01   2.40464002e+01   1.36148613e+01  -1.15608947e+01
    3.71426817e+01   2.93603436e+01   2.52680009e+01   5.56416288e+00
   -3.11270792e+01   1.23675153e+01  -2.63364784e+01]
 [  3.08849265e+02   2.18640533e+01  -1.63666324e+01   7.58584085e-01
    2.68110933e+01  -5.93358998e+01   1.26063164e+02   5.81450143e+02
    2.09308424e+01   2.11740467e+00  -3.43278674e+02]
 [ -5.54283217e+00   7.45479298e-01  -2.52789290e-01   1.28165593e+00
    8.55779905e-01   1.34653005e-01  -1.38500920e+00   7.70702400e-01
    1.60423149e+00  -5.74164027e+00  -5.84633946e+00]
 [ -1.52026518e+01   1.83862745e+01   8.57025640e+00  -8.34353763e+00
    2.88595426e+01   2.08410655e+01   1.72302567e+01   6.18941919e+00
   -2.31730057e+01   6.79015100e+00  -2.03376055e+01]
 [ -1.57719620e+01   1.84806416e+01   8.63285106e+00  -7.98838466e+00
    2.88687503e+01   2.11155204e+01   1.76085702e+01   6.78761225e+00
   -2.32099940e+01   6.84741733e+00  -2.04984902e+01]
 [ -1.65187819e+01   1.83844214e+01   8.67142275e+00  -7.49565945e+00
    2.86632489e+01   2.15214588e+01   1.80232581e+01   7.29636706e+00
   -2.32404957e+01   7.27106004e+00  -2.09223085e+01]
 [ -1.69350707e+01   1.85590341e+01   8.87267391e+00  -7.14424029e+00
    2.85259715e+01   2.25341463e+01   1.93391766e+01   7.66410778e+00
   -2.28007730e+01   6.91390992e+00  -2.12105127e+01]
 [ -2.06375452e+03  -7.67536034e+04  -4.62871496e+04   4.38470788e+04
   -8.19974548e+04   5.80579176e+03   4.19085703e+04  -1.17829697e+05
   -2.00313629e+05   1.18282636e+05   5.40870483e+03]
 [ -3.00127188e+01  -8.47705557e+02  -5.10339059e+02   4.84906987e+02
   -9.05957622e+02   6.47569139e+01   4.61323708e+02  -1.31193586e+03
   -2.21555598e+03   1.30311591e+03   6.11085262e+01]
 [ -7.06559359e+00  -9.83028833e+01  -5.89312585e+01   5.75418412e+01
   -1.05423250e+02   7.74140749e+00   5.41333668e+01  -1.55182449e+02
   -2.60747100e+02   1.49034298e+02   4.43296543e+00]
 [ -1.91415599e+04  -6.09733081e+05  -3.67276436e+05   3.48042558e+05
   -6.51431756e+05   4.66195243e+04   3.31657970e+05  -9.40808485e+05
   -1.59074874e+06   9.39167937e+05   4.59880356e+04]
 [ -1.91479624e+04  -6.09971274e+05  -3.67420430e+05   3.48177985e+05
   -6.51685878e+05   4.66370286e+04   3.31786429e+05  -9.41174500e+05
   -1.59136814e+06   9.39533257e+05   4.60063460e+04]
 [ -1.91328264e+04  -6.09488248e+05  -3.67129788e+05   3.47902497e+05
   -6.51169774e+05   4.66000627e+04   3.31523658e+05  -9.40428532e+05
   -1.59010773e+06   9.38789019e+05   4.59699361e+04]
 [ -1.91308059e+04  -6.09423121e+05  -3.67091292e+05   3.47865970e+05
   -6.51100138e+05   4.65950876e+04   3.31488322e+05  -9.40327764e+05
   -1.58993829e+06   9.38688899e+05   4.59650744e+04]
 [ -1.91307915e+04  -6.09421865e+05  -3.67090431e+05   3.47865066e+05
   -6.51098761e+05   4.65949183e+04   3.31487482e+05  -9.40324772e+05
   -1.58993409e+06   9.38686308e+05   4.59649772e+04]
 [ -1.91310180e+04  -6.09428309e+05  -3.67094627e+05   3.47868974e+05
   -6.51105601e+05   4.65953766e+04   3.31490953e+05  -9.40334049e+05
   -1.58995068e+06   9.38696003e+05   4.59654874e+04]
 [ -1.91306462e+04  -6.09415715e+05  -3.67087774e+05   3.47862434e+05
   -6.51092091e+05   4.65944180e+04   3.31484192e+05  -9.40314337e+05
   -1.58991829e+06   9.38676798e+05   4.59645881e+04]
 [ -1.91309363e+04  -6.09424160e+05  -3.67092757e+05   3.47867067e+05
   -6.51101079e+05   4.65949906e+04   3.31488629e+05  -9.40326315e+05
   -1.58993940e+06   9.38689150e+05   4.59652227e+04]
 [ -1.91307729e+04  -6.09418181e+05  -3.67089470e+05   3.47863884e+05
   -6.51094646e+05   4.65944990e+04   3.31485343e+05  -9.40316424e+05
   -1.58992358e+06   9.38679710e+05   4.59647958e+04]
 [ -1.91418608e+04  -6.09770708e+05  -3.67302552e+05   3.48065760e+05
   -6.51471226e+05   4.66214571e+04   3.31677185e+05  -9.40860088e+05
   -1.59084376e+06   9.39222903e+05   4.59914372e+04]
 [ -1.91317788e+04  -6.09448709e+05  -3.67108907e+05   3.47882188e+05
   -6.51127162e+05   4.65968031e+04   3.31502003e+05  -9.40362582e+05
   -1.59000346e+06   9.38726696e+05   4.59671733e+04]
 [ -1.91261753e+04  -6.09269398e+05  -3.67001211e+05   3.47780066e+05
   -6.50935543e+05   4.65830588e+04   3.31404435e+05  -9.40085242e+05
   -1.58953543e+06   9.38450272e+05   4.59536722e+04]
 [ -1.91314186e+04  -6.09435686e+05  -3.67101691e+05   3.47875216e+05
   -6.51113159e+05   4.65957385e+04   3.31494852e+05  -9.40341156e+05
   -1.58996904e+06   9.38706175e+05   4.59662393e+04]
 [ -1.91322546e+04  -6.09461524e+05  -3.67117151e+05   3.47889777e+05
   -6.51140729e+05   4.65976409e+04   3.31508749e+05  -9.40379970e+05
   -1.59003553e+06   9.38745317e+05   4.59681857e+04]
 [ -1.91286638e+04  -6.09346340e+05  -3.67048083e+05   3.47824258e+05
   -6.51017623e+05   4.65887997e+04   3.31446062e+05  -9.40201577e+05
   -1.58973479e+06   9.38567668e+05   4.59595216e+04]
 [ -4.30803868e+03  -1.37138743e+05  -8.26114904e+04   7.82848874e+04
   -1.46516844e+05   1.04847224e+04   7.45945960e+04  -2.11594841e+05
   -3.57783983e+05   2.11227885e+05   1.03417283e+04]]