[[ -1.49548954e+00   8.31219667e-02]
 [ -3.12395476e+00  -2.42506697e-01]
 [ -3.03101723e+00  -4.48607982e-01]
 [ -2.87517657e+00  -4.88127199e-01]
 [ -2.83309431e+00  -6.99564494e-01]
 [ -2.92182206e+00  -9.14499453e-01]
 [ -2.66208664e+00  -7.31216680e-01]
 [ -1.75627404e+00  -7.75931757e-01]
 [ -3.12597493e+00  -1.23379467e+00]
 [ -2.87246289e+00  -1.01739818e+00]
 [ -3.31560279e+00  -2.29341193e+00]
 [ -2.54896257e+00  -1.25834891e+00]
 [ -3.55547548e+00  -2.26359682e+00]
 [ -3.82820073e+00  -1.85418970e+00]
 [ -3.80956411e+00  -1.80195017e+00]
 [ -4.04202932e+00  -2.75380170e+00]
 [ -3.99814966e+00  -2.29606249e+00]
 [ -4.33910493e+00  -3.23911333e+00]
 [ -4.08460528e+00  -2.98513479e+00]
 [ -4.17335639e+00  -3.26659184e+00]
 [ -4.58125664e+00  -4.22742028e+00]
 [ -4.37866131e+00  -3.55852612e+00]
 [ -4.64401712e+00  -4.27344696e+00]
 [ -4.15680769e+00  -3.33426029e+00]
 [ -4.30198999e+00  -4.22698734e+00]
 [ -4.49371634e+00  -5.07229536e+00]
 [ -5.71818436e+00  -3.78535157e+00]
 [ -3.13306814e+00  -3.42487180e+00]
 [ -1.88712265e+00  -3.80231930e+00]
 [ -3.90148158e+00  -3.87515166e+00]
 [ -3.60848511e+00  -3.66420732e+00]
 [ -1.46831899e+00  -3.70522771e+00]
 [ -3.93529913e+00  -4.37553440e+00]
 [ -3.23344217e+00  -3.83074234e+00]
 [ -3.87961827e+00  -3.57463294e+00]
 [ -3.42733297e+00  -3.58825213e+00]
 [ -4.19546138e+00  -3.68994903e+00]
 [ -5.00990938e+00  -3.90876314e+00]
 [ -5.66513903e+00  -4.00633774e+00]
 [ -6.35952483e+00  -4.24176044e+00]
 [ -6.39320615e+00  -4.29808761e+00]
 [ -2.64813978e+00  -3.66925095e+00]
 [ -2.43276460e+00  -4.16372804e+00]
 [ -4.46483034e+00  -4.23115783e+00]
 [ -2.09925973e+00  -4.11442156e+00]
 [ -5.37294111e+00  -3.75941052e+00]
 [ -2.47162492e+00  -3.47787763e+00]
 [ -5.07371878e+00  -3.64567980e+00]
 [ -2.70761171e+00  -3.75651664e+00]
 [ -5.19354152e+00  -3.84729640e+00]
 [  1.04435613e+00  -4.10696911e+00]
 [ -5.20441783e+00  -4.09804764e+00]
 [ -5.43044367e+00  -4.84076236e+00]
 [ -5.53577202e+00  -5.57789252e+00]
 [ -4.21639176e+00  -4.08254550e+00]
 [ -4.02679489e+00  -3.92984061e+00]
 [ -4.24260272e+00  -3.77675167e+00]
 [ -3.24274215e+00  -3.33507569e+00]
 [ -4.03688885e+00  -4.08043035e+00]
 [ -4.28487860e+00  -4.79195548e+00]
 [ -3.16686882e+00  -4.20405081e+00]
 [ -3.93351774e+00  -3.96750597e+00]
 [ -4.59138201e+00  -4.77189171e+00]
 [ -4.48022523e+00  -4.37387760e+00]
 [ -5.68485645e+00  -5.10890966e+00]
 [ -4.20967621e+00  -4.30591344e+00]
 [ -4.40423179e+00  -5.04951734e+00]
 [ -4.04599266e+00  -4.56711094e+00]
 [ -4.50033567e+00  -5.30520206e+00]
 [ -4.85987105e+00  -5.12315210e+00]
 [ -4.66064985e+00  -5.58942265e+00]
 [ -4.72989799e+00  -5.89949816e+00]
 [ -4.74889250e+00  -4.63363925e+00]
 [ -3.38110934e+00  -5.30215179e+00]
 [ -4.95802773e+00  -6.21568071e+00]
 [ -4.96120112e+00  -4.88623578e+00]
 [ -4.84044644e+00  -5.62087758e+00]
 [ -4.40384190e+00  -5.30757650e+00]
 [ -4.61835992e+00  -6.25533224e+00]
 [ -5.66071602e+00  -5.12003748e+00]
 [ -5.85398114e+00  -5.87953914e+00]
 [ -5.89069879e+00  -5.33269566e+00]
 [ -5.93953328e+00  -5.39667681e+00]
 [ -6.29583870e+00  -6.07106030e+00]
 [ -6.19212988e+00  -5.75693032e+00]
 [ -6.19400591e+00  -5.26613600e+00]
 [ -3.82780274e+00  -4.71779676e+00]
 [ -4.29051010e+00  -5.43780386e+00]
 [ -3.75704783e+00  -4.70415585e+00]
 [ -4.80648387e+00  -5.55084073e+00]
 [ -4.71624845e+00  -5.26753329e+00]
 [ -4.94316141e+00  -5.15744287e+00]
 [ -4.89337438e+00  -5.88535305e+00]
 [ -4.75026917e+00  -5.41076450e+00]
 [ -5.39420998e+00  -4.12884778e+00]
 [ -5.82746521e+00  -4.45446741e+00]
 [  2.40213232e-01  -5.22468564e+00]
 [ -3.49200740e+00  -4.27791278e+00]
 [ -3.28144113e+00  -3.42009485e+00]
 [ -4.47892177e+00  -3.85186774e+00]
 [ -6.53377683e-01   3.34950364e+00]
 [ -7.68233422e-01   2.98141954e+00]
 [ -9.56957774e-01   2.96433545e+00]
 [ -1.06877897e+00   2.60329341e+00]
 [ -1.10182951e+00   1.89586584e+00]
 [ -1.21169734e+00   1.53797063e+00]
 [ -1.39745335e+00   1.52473629e+00]
 [ -1.43049660e+00   8.19643952e-01]
 [ -1.53066737e+00   4.77481153e-01]
 [ -1.60890360e+00   1.69239918e-01]
 [ -1.76061833e+00   2.10111206e-01]
 [ -1.76166389e+00  -4.45519663e-01]
 [ -1.84260984e+00  -4.51435066e-01]
 [ -1.93062381e+00  -1.30042964e+00]
 [ -1.95763445e+00  -2.15046242e+00]
 [ -2.03281303e+00  -2.47094546e+00]
 [ -2.21730757e+00  -1.68026363e+00]
 [ -1.76618966e-01   4.90940235e+00]
 [ -2.17546700e-01   4.86499747e+00]
 [ -2.53643486e-01   4.81264441e+00]
 [ -2.87317974e-01   4.75353598e+00]
 [ -3.22207024e-01   4.69919586e+00]
 [ -3.55884925e-01   4.64147807e+00]
 [ -3.90767150e-01   4.58435669e+00]
 [ -2.11670119e-01   3.41292930e+00]
 [ -3.54337998e-01   4.78691945e+00]
 [ -3.90421136e-01   4.72900386e+00]
 [ -4.25306773e-01   4.67327311e+00]
 [ -4.60195823e-01   4.61893299e+00]
 [ -4.93877136e-01   4.56260583e+00]
 [ -5.27555036e-01   4.50488803e+00]
 [ -1.71998737e-01   4.89496981e+00]
 [ -2.17435740e-02   5.07406835e+00]
 [ -2.49043731e-01   4.80655565e+00]
 [ -2.61770678e-01   3.34552157e+00]
 [ -3.18825243e-01   4.69926605e+00]
 [ -3.57251435e-01   4.94268469e+00]
 [ -3.62064563e-01   2.97975655e+00]
 [ -3.14410695e-01   4.84118635e+00]
 [ -3.57726604e-01   4.78963052e+00]
 [ -3.93802916e-01   4.72893366e+00]
 [ -4.28691966e-01   4.67459355e+00]
 [ -4.63581016e-01   4.62025343e+00]
 [ -4.97262329e-01   4.56392627e+00]
 [ -5.32144554e-01   4.50680489e+00]
 [ -1.42520275e-01   1.64514575e+00]
 [ -3.38450000e-01   4.80547622e+00]
 [ -3.75740874e-01   4.74954767e+00]
 [ -4.11841073e-01   4.69858524e+00]
 [ -4.46723298e-01   4.64146386e+00]
 [ -4.83566725e-01   4.78450368e+00]
 [ -5.14082511e-01   4.52741890e+00]
 [ -3.20146527e-01   4.82005889e+00]
 [ -1.51669242e-01   4.99869894e+00]
 [ -3.97160810e-01   4.71912905e+00]
 [ -4.09884345e-01   3.25670433e+00]
 [ -4.66935498e-01   4.60905819e+00]
 [ -5.05361689e-01   4.85247683e+00]
 [ -5.10174817e-01   2.88954869e+00]
 [ -4.49939295e-01   1.86414048e-01]
 [ -3.33874131e-01   4.80912189e+00]
 [ -3.72369330e-01   4.75378976e+00]
 [ -4.08472941e-01   4.70421795e+00]
 [ -4.43361991e-01   4.64987784e+00]
 [ -4.27799780e-01   1.61823514e+00]
 [ -4.69572762e-01   1.92737444e+00]
 [ -5.45613666e-01   4.48288339e+00]
 [ -1.97420385e-01   5.46066028e+00]
 [ -3.41818131e-01   4.79984350e+00]
 [ -3.59737402e-01   3.43958684e+00]
 [ -4.15209204e-01   4.69295252e+00]
 [ -4.50091429e-01   4.63583114e+00]
 [ -4.83769329e-01   4.57811335e+00]
 [ -5.17450642e-01   4.52178618e+00]
 [ -3.29264140e-01   4.79886124e+00]
 [ -3.68984137e-01   4.75246932e+00]
 [ -4.05091160e-01   4.70428815e+00]
 [ -4.38772473e-01   4.64796098e+00]
 [ -4.73664935e-01   4.59501150e+00]
 [ -1.65447591e-01   1.55332139e-01]
 [ -5.42228473e-01   4.48156295e+00]
 [  1.09294456e-01   4.85712323e+00]
 [ -1.98266683e-01   4.87945254e+00]
 [ -2.67223067e-01   6.83527209e+00]
 [  5.86241139e-02  -2.99548224e-01]
 [ -3.05349306e-01   4.72040629e+00]
 [ -3.39030619e-01   4.66407912e+00]
 [ -3.72711932e-01   4.60775196e+00]
 [ -3.14362922e-01   4.82171751e+00]
 [ -3.57706130e-01   4.78128673e+00]
 [ -3.93792679e-01   4.72476177e+00]
 [ -4.28674904e-01   4.66764039e+00]
 [ -4.63567366e-01   4.61469091e+00]
 [ -4.97245267e-01   4.55697311e+00]
 [ -5.32130904e-01   4.50124237e+00]
 [ -4.05902143e-01   3.13300284e-01]
 [ -3.33874131e-01   4.80912189e+00]
 [ -3.72369330e-01   4.75378976e+00]
 [ -4.08472941e-01   4.70421795e+00]
 [ -4.43355166e-01   4.64709658e+00]
 [  7.32843081e-02   4.16953568e+00]
 [ -8.64103192e-02   3.27412881e+00]
 [ -1.81842560e+01  -2.48278140e+01]
 [ -2.05014204e+01  -3.85205202e+01]
 [ -2.05829222e+01  -3.87390336e+01]
 [ -2.06541634e+01  -3.88878522e+01]
 [ -2.07266089e+01  -3.90360744e+01]
 [ -2.08334492e+01  -3.93915919e+01]
 [ -2.09172458e+01  -3.96072228e+01]
 [ -2.09794307e+01  -3.96857502e+01]
 [ -2.10874754e+01  -4.00406713e+01]
 [ -2.11725902e+01  -4.02573955e+01]
 [ -2.12577050e+01  -4.04741197e+01]
 [ -2.13339197e+01  -4.06733493e+01]
 [ -2.13841488e+01  -4.08343428e+01]
 [ -2.14343779e+01  -4.09953363e+01]
 [ -2.14846071e+01  -4.11563297e+01]
 [ -2.15348362e+01  -4.13173232e+01]
 [ -2.15850654e+01  -4.14783166e+01]
 [ -2.16352945e+01  -4.16393101e+01]
 [ -2.16855237e+01  -4.18003036e+01]
 [ -2.17357528e+01  -4.19612970e+01]
 [ -2.17859819e+01  -4.21222905e+01]
 [ -2.18362111e+01  -4.22832840e+01]
 [ -2.18876445e+01  -4.24436810e+01]
 [ -2.19378737e+01  -4.26046745e+01]
 [ -2.19881028e+01  -4.27656679e+01]
 [ -2.20383320e+01  -4.29266614e+01]
 [ -2.20468187e+01  -4.29578861e+01]
 [ -2.20468187e+01  -4.29578861e+01]
 [ -2.20468187e+01  -4.29578861e+01]
 [ -2.20468187e+01  -4.29578861e+01]
 [ -2.20468187e+01  -4.29578861e+01]
 [ -2.20468187e+01  -4.29578861e+01]
 [ -2.20468187e+01  -4.29578861e+01]
 [ -2.20468187e+01  -4.29578861e+01]
 [ -2.20468187e+01  -4.29578861e+01]
 [ -2.20468187e+01  -4.29578861e+01]
 [ -2.20468187e+01  -4.29578861e+01]
 [ -2.20468187e+01  -4.29578861e+01]
 [ -2.20468187e+01  -4.29578861e+01]
 [ -2.20468187e+01  -4.29578861e+01]
 [ -2.20468187e+01  -4.29578861e+01]
 [ -2.20468187e+01  -4.29578861e+01]
 [ -2.20238889e+01  -4.28196892e+01]
 [ -2.20468187e+01  -4.29578861e+01]
 [ -2.20468187e+01  -4.29578861e+01]
 [ -2.20468187e+01  -4.29578861e+01]
 [ -2.20468187e+01  -4.29578861e+01]
 [ -2.20468187e+01  -4.29578861e+01]
 [ -2.20468187e+01  -4.29578861e+01]
 [ -1.99716653e+01  -3.04510713e+01]
 [ -2.20468187e+01  -4.29578861e+01]
 [ -2.20468187e+01  -4.29578861e+01]
 [ -2.20353538e+01  -4.28887877e+01]
 [ -2.20468187e+01  -4.29578861e+01]
 [ -2.20468187e+01  -4.29578861e+01]
 [ -2.20468187e+01  -4.29578861e+01]
 [ -1.62914207e+01  -8.27047715e+00]
 [ -2.20468187e+01  -4.29578861e+01]
 [ -2.20468187e+01  -4.29578861e+01]
 [ -2.20468187e+01  -4.29578861e+01]
 [ -2.20468187e+01  -4.29578861e+01]
 [ -2.20468187e+01  -4.29578861e+01]
 [ -2.20468187e+01  -4.29578861e+01]
 [ -2.00175250e+01  -3.07274650e+01]
 [ -2.20468187e+01  -4.29578861e+01]
 [ -2.20468187e+01  -4.29578861e+01]
 [ -2.20468187e+01  -4.29578861e+01]
 [ -2.20468187e+01  -4.29578861e+01]
 [ -2.20468187e+01  -4.29578861e+01]
 [ -2.20468187e+01  -4.29578861e+01]
 [ -2.20468187e+01  -4.29578861e+01]
 [ -2.20468187e+01  -4.29578861e+01]
 [ -2.20468187e+01  -4.29578861e+01]
 [ -2.20468187e+01  -4.29578861e+01]
 [ -2.20468187e+01  -4.29578861e+01]
 [ -2.20468187e+01  -4.29578861e+01]
 [ -2.20468187e+01  -4.29578861e+01]
 [ -2.20468187e+01  -4.29578861e+01]
 [ -2.20468187e+01  -4.29578861e+01]
 [ -2.20468187e+01  -4.29578861e+01]
 [ -2.20468187e+01  -4.29578861e+01]
 [ -2.20468187e+01  -4.29578861e+01]
 [ -2.20468187e+01  -4.29578861e+01]
 [ -2.20468187e+01  -4.29578861e+01]
 [ -2.20468187e+01  -4.29578861e+01]
 [ -2.20468187e+01  -4.29578861e+01]
 [ -2.20468187e+01  -4.29578861e+01]
 [ -2.20468187e+01  -4.29578861e+01]
 [ -2.20468187e+01  -4.29578861e+01]
 [ -2.20468187e+01  -4.29578861e+01]
 [ -2.20238889e+01  -4.28196892e+01]
 [ -2.20468187e+01  -4.29578861e+01]
 [ -2.20468187e+01  -4.29578861e+01]
 [ -2.20468187e+01  -4.29578861e+01]
 [ -2.20238889e+01  -4.28196892e+01]
 [ -2.20468187e+01  -4.29578861e+01]
 [ -2.20468187e+01  -4.29578861e+01]
 [ -2.20468187e+01  -4.29578861e+01]
 [ -1.15846239e-01   5.91649220e+00]
 [ -4.18890555e-01   4.81098442e+00]
 [ -1.16507175e+00   5.73068346e+00]
 [ -1.18376194e+00   6.16618411e+00]
 [ -1.18647220e+00   6.27020127e+00]
 [ -1.21012393e+00   6.21486699e+00]
 [ -1.22098512e+00   6.21452808e+00]
 [ -1.23184631e+00   6.21418917e+00]
 [ -1.24204469e+00   6.20679873e+00]
 [ -1.25158027e+00   6.19235676e+00]
 [ -1.26111585e+00   6.17791480e+00]
 [ -1.28450383e+00   6.16114665e+00]
 [ -1.29403941e+00   6.14670468e+00]
 [ -1.30291219e+00   6.12521118e+00]
 [ -1.31244777e+00   6.11076922e+00]
 [ -1.30985561e+00   6.15837415e+00]
 [ -1.33085612e+00   6.07483375e+00]
 [ -1.33972890e+00   6.05334026e+00]
 [ -1.34860167e+00   6.03184676e+00]
 [ -1.35813725e+00   6.01740479e+00]
 [ -1.36701003e+00   5.99591130e+00]
 [ -1.37588280e+00   5.97441780e+00]
 [ -1.38475558e+00   5.95292431e+00]
 [ -6.98226063e-01   5.25158871e+00]
 [ -1.38900957e+00   5.96274400e+00]
 [ -1.39788234e+00   5.94125050e+00]
 [ -1.40675512e+00   5.91975701e+00]
 [ -1.41630025e+00   5.90409933e+00]
 [ -1.42517302e+00   5.88260583e+00]
 [ -1.44550118e+00   5.79322962e+00]
 [ -1.44290902e+00   5.84083455e+00]
 [ -1.45245415e+00   5.82517687e+00]
 [ -1.46132693e+00   5.80368338e+00]
 [ -1.47019970e+00   5.78218988e+00]
 [ -1.47907248e+00   5.76069639e+00]
 [ -1.49941019e+00   5.67010447e+00]
 [ -1.20392188e+00   5.90067839e+00]
 [ -1.22495105e+00   5.81349086e+00]
 [ -1.53816581e+00   5.54236137e+00]
 [ -1.52410871e+00   5.65906472e+00]
 [ -1.24008534e+00   5.82054022e+00]
 [ -1.26044216e+00   5.72751688e+00]
 [ -1.55071748e+00   5.59579995e+00]
 [ -1.57105520e+00   5.50520803e+00]
 [ -1.56846304e+00   5.55281295e+00]
 [ -1.57800817e+00   5.53715528e+00]
 [ -1.58688094e+00   5.51566178e+00]
 [ -1.60721865e+00   5.42506986e+00]
 [ -1.60462649e+00   5.47267479e+00]
 [ -1.61349927e+00   5.45118129e+00]
 [ -1.62237204e+00   5.42968780e+00]
 [ -1.63124482e+00   5.40819430e+00]
 [ -1.03372862e+00   4.37323934e+00]
 [  2.06606384e-01   1.60030764e+00]
 [  5.49669484e+00   1.36699739e+00]
 [ -3.17910351e+01  -1.15010466e+01]
 [ -9.03474410e+00  -2.56867868e+00]
 [ -1.07802257e-01  -6.70825596e-01]
 [ -9.46033731e-01  -4.20389926e+00]
 [  4.27133324e-01   1.65605641e+00]
 [ -8.59235146e-01   1.86753761e+00]
 [  4.58386736e-01   1.12068828e+00]
 [  5.19718262e-01   7.37362315e-01]
 [ -1.16463142e+01  -1.32345948e+00]
 [  6.97589287e+01  -9.26560389e-01]
 [  1.46913636e+02  -2.93709440e+00]
 [ -9.10216978e+00  -9.67631621e-01]
 [  2.68187633e-01   5.91068930e-01]
 [ -6.49481539e-01  -4.00299729e-01]
 [ -3.15697131e+01  -1.04799838e+01]
 [ -4.01420548e+00   1.15715141e+01]
 [ -2.34154284e-01  -5.51278392e+00]
 [ -2.54491995e-01  -5.60337584e+00]
 [ -3.18961023e-01  -5.42235528e+00]
 [  1.37679731e-01  -4.65925671e+00]
 [ -1.77554555e+01  -1.53342571e+00]
 [  2.13581897e-01   1.31058200e+00]
 [ -1.56989560e-01  -4.03930362e+00]
 [ -1.74355441e-01  -4.15041225e+00]
 [ -2.22771328e-01  -4.05576048e+00]
 [  2.40572735e-01  -3.32741103e+00]
 [  7.58288466e+01  -4.58744102e+00]
 [  1.41509489e+00   6.66521201e-01]
 [  4.55325963e-01   5.97528995e-01]
 [  7.64850457e+02  -1.70251323e+01]
 [  7.65171478e+02  -1.69106396e+01]
 [  7.64556937e+02  -1.69182074e+01]
 [  7.64457527e+02  -1.69424664e+01]
 [  7.64455825e+02  -1.69592776e+01]
 [  7.64454963e+02  -1.69809553e+01]
 [  7.64421415e+02  -1.70067286e+01]
 [  7.64431877e+02  -1.70238195e+01]
 [  7.64415439e+02  -1.70451390e+01]
 [  7.64839666e+02  -1.70814376e+01]
 [  7.64427014e+02  -1.70936473e+01]
 [  7.64193259e+02  -1.71099703e+01]
 [  7.64392803e+02  -1.71362557e+01]
 [  7.64425070e+02  -1.71538480e+01]
 [  7.64271715e+02  -1.71720195e+01]
 [  1.72157028e+02  -3.61839712e+00]]