[[ -1.67341527e+02   2.65962839e+02   6.76376982e+01  -4.17711461e+02
   -2.35692515e+02   2.50184733e+01   1.27400008e+02   1.94018552e+03
    3.63049844e+03]
 [ -7.99460247e+01  -1.61662759e+01  -5.19647098e+00   1.09894553e+01
   -1.04981224e+01  -2.52598388e+01   3.79448141e+00   1.55801630e+02
    2.93019248e+02]
 [ -1.01588822e+02   2.82748460e+01   6.08289913e+00  -6.02825790e+01
   -4.82446095e+01  -1.50992248e+01   2.31673772e+01   4.58333007e+02
    8.60401036e+02]
 [ -1.01058905e+02   2.90155543e+01   6.00002632e+00  -6.34004980e+01
   -4.85505209e+01  -1.07322449e+01   2.16270413e+01   4.56693043e+02
    8.58609977e+02]
 [ -1.19863679e+02   6.46441021e+01   1.50081925e+01  -1.21192947e+02
   -7.92288869e+01  -2.23617955e+00   3.71618518e+01   7.03220762e+02
    1.32120574e+03]
 [ -1.24275081e+02   6.20608319e+01   1.42115021e+01  -1.20260569e+02
   -7.87092819e+01  -2.80579695e-01   3.56580893e+01   7.00662667e+02
    1.31761960e+03]
 [ -1.10522175e+02   7.02500285e+01   1.51203331e+01  -1.29857914e+02
   -8.29888869e+01  -9.56836694e+00   3.50922792e+01   6.71286488e+02
    1.26259106e+03]
 [ -1.48963555e+02   1.91113286e+02   4.66409662e+01  -3.17666136e+02
   -1.80476662e+02   1.78579122e+01   8.68158837e+01   1.44091762e+03
    2.70320109e+03]
 [ -8.07119294e+01  -3.27701362e+01  -1.09649516e+01   2.20037556e+01
   -2.95715613e+00  -2.50956576e+01  -1.06249552e+01   2.64357341e+01
    5.70408594e+01]
 [ -9.72728131e+01   1.05097907e+00  -2.72306860e+00  -3.21327613e+01
   -3.15430942e+01  -1.95791713e+01   3.75082919e+00   2.51939592e+02
    4.80411472e+02]
 [ -1.02264759e+02  -1.47312524e+01  -5.47327544e+00  -1.31273167e+01
   -2.35594973e+01  -2.05949180e+01  -6.42159392e-01   1.91932374e+02
    3.67030241e+02]
 [ -1.19824265e+02   6.95620394e+01   1.41112481e+01  -1.41181373e+02
   -8.66391730e+01   1.15121199e+00   2.99355126e+01   6.78340697e+02
    1.28138173e+03]
 [ -1.14130739e+02  -1.04423021e+01  -5.59548401e+00  -2.49521718e+01
   -2.92100758e+01  -1.54893619e+01  -7.51152042e-01   2.39189100e+02
    4.59529474e+02]
 [ -1.23989350e+02   1.48986869e+01  -7.40642214e-01  -6.40184778e+01
   -5.08711160e+01  -2.05882303e+01   8.70075716e+00   3.79853812e+02
    7.25126266e+02]
 [ -1.03712635e+02  -3.36886703e+01  -1.36088159e+01   8.90893362e+00
   -1.04706114e+01  -2.43758543e+01  -1.52370602e+01   5.20807455e+01
    1.13180757e+02]
 [ -1.51271952e+02   4.24273030e+01   6.86776404e+00  -1.14037631e+02
   -7.90406125e+01  -1.24898337e+01   2.26400181e+01   6.13974506e+02
    1.16448825e+03]
 [ -1.13023450e+02  -3.91933037e+01  -1.51680413e+01   1.10930001e+01
   -9.44554986e+00  -2.06389034e+01  -1.81071730e+01   4.77054611e+01
    1.07208226e+02]
 [ -1.37943464e+02  -1.83119275e+01  -8.82304301e+00  -2.67172128e+01
   -3.24335248e+01  -1.76101959e+01  -5.21040501e+00   2.44046750e+02
    4.74233514e+02]
 [ -1.21086192e+02  -4.47231086e+01  -1.63896935e+01   1.33681576e+01
   -8.29955002e+00  -1.64972665e+01  -2.08180364e+01   4.10310191e+01
    9.63016848e+01]
 [ -1.31716040e+02  -3.47208131e+01  -1.37520830e+01  -5.56120493e+00
   -1.87259428e+01  -1.25335669e+01  -1.61446187e+01   1.27753609e+02
    2.59482874e+02]
 [ -1.62944378e+02  -3.33838171e+00  -4.76452568e+00  -5.98289604e+01
   -5.09100999e+01  -8.47261892e+00   1.88441071e+00   3.99603262e+02
    7.67983160e+02]
 [ -1.34544234e+02  -5.27213747e+01  -1.88896976e+01   1.64030160e+01
   -6.64776097e+00  -1.06118858e+01  -2.54417613e+01   3.33029647e+01
    8.55236598e+01]
 [ -1.43979560e+02  -5.92924244e+01  -1.98889405e+01   2.18077395e+01
   -5.48532346e+00  -1.08660086e+01  -2.62749546e+01   3.19970398e+01
    8.30259424e+01]
 [ -1.39588017e+02   2.82714014e-01  -6.79899991e+00  -6.41253646e+01
   -4.97716399e+01  -1.81592173e+01  -6.17130636e+00   2.91711280e+02
    5.69922885e+02]
 [ -1.70382351e+02   4.41816842e+01   5.49396933e+00  -1.36971802e+02
   -9.08198147e+01  -1.02903673e+01   1.64546180e+01   6.29739981e+02
    1.20202405e+03]
 [ -1.83584100e+02   4.83819972e+01   7.74312058e+00  -1.47624389e+02
   -9.85430815e+01  -8.83984376e+00   2.13755298e+01   7.03262713e+02
    1.33851945e+03]
 [ -1.89271498e+02   2.45892949e+01  -1.84370100e+00  -1.10111210e+02
   -8.09669487e+01  -2.47205714e+01   1.01812173e+01   5.62436370e+02
    1.08084064e+03]
 [ -1.95608682e+02   1.72284840e+02   3.70092445e+01  -3.30059485e+02
   -1.88561474e+02   1.53382402e+01   6.66374254e+01   1.37498948e+03
    2.59834124e+03]
 [ -4.40051900e+02   7.63244860e+02   1.88944626e+02  -1.24221048e+03
   -6.77090831e+02   1.12725610e+02   3.34962273e+02   5.30176318e+03
    9.94807913e+03]
 [ -1.48863963e+02   1.72357270e+01  -2.07007034e+00  -9.46006830e+01
   -6.49342794e+01  -8.95161741e+00   3.08337144e-01   4.11277735e+02
    7.94604736e+02]
 [ -2.00771095e+02   1.44902943e+02   3.03003103e+01  -2.91417185e+02
   -1.69454045e+02   1.45575604e+01   5.72066047e+01   1.25593362e+03
    2.37646379e+03]
 [ -5.19267176e+02   9.48441207e+02   2.36166759e+02  -1.52863102e+03
   -8.29178692e+02   1.49805598e+02   4.18180282e+02   6.54374241e+03
    1.22742133e+04]
 [ -1.27995217e+02  -2.96324487e+01  -1.31794999e+01  -2.21546671e+01
   -2.74376846e+01  -2.12668885e+01  -1.94505889e+01   9.65938297e+01
    2.03547906e+02]
 [ -1.14698107e+02  -2.15768584e+01  -1.14525646e+01  -3.22291771e+01
   -2.86728777e+01  -1.17694923e+01  -2.01944452e+01   9.85957641e+01
    2.07638993e+02]
 [ -1.26171363e+02  -2.84703626e+01  -1.41223456e+01  -2.34311152e+01
   -2.57826017e+01  -1.47369018e+01  -2.17233782e+01   9.47009588e+01
    2.02507679e+02]
 [ -2.68494523e+02   3.03866727e+02   7.06597001e+01  -5.36580672e+02
   -3.01017257e+02   3.93427372e+01   1.29212649e+02   2.31380564e+03
    4.35732720e+03]
 [ -2.18375428e+02   1.50517967e+02   3.12935589e+01  -3.02273996e+02
   -1.77465742e+02   1.35416087e+01   6.21270825e+01   1.34070148e+03
    2.53663985e+03]
 [ -2.04250817e+02   7.28614837e+01   1.13249085e+01  -1.85409709e+02
   -1.17813843e+02  -1.64895426e+00   3.03832320e+01   8.84512585e+02
    1.68363358e+03]
 [ -1.63689157e+02  -5.37973342e+01  -2.11804675e+01   7.94899422e+00
   -1.59222613e+01  -2.27201515e+01  -2.48944761e+01   8.39022358e+01
    1.85742924e+02]
 [ -1.80233740e+02  -5.81817891e+01  -2.24145944e+01   1.17957766e+01
   -1.69006431e+01  -2.63650465e+01  -2.33897727e+01   1.14523906e+02
    2.44030689e+02]
 [ -1.82162862e+02  -6.00785005e+01  -2.28050745e+01   1.40308572e+01
   -1.56825403e+01  -2.46176638e+01  -2.38871665e+01   1.13692199e+02
    2.42679201e+02]
 [ -2.34715446e+02   2.74813573e+02   6.40621245e+01  -4.88679396e+02
   -2.72716864e+02   3.57649077e+01   1.13140601e+02   2.05357570e+03
    3.86750945e+03]
 [ -4.80063960e+02   8.16917920e+02   2.02686067e+02  -1.32768741e+03
   -7.25958070e+02   1.17943233e+02   3.62871213e+02   5.71489960e+03
    1.07222372e+04]
 [ -1.76502820e+02   4.25268223e+01   4.57919978e+00  -1.36531074e+02
   -9.04110883e+01  -7.67066975e+00   1.54137082e+01   6.36862106e+02
    1.21732713e+03]
 [ -5.64333849e+02   1.01215436e+03   2.52588949e+02  -1.62979888e+03
   -8.87299864e+02   1.53914096e+02   4.51286333e+02   7.02619520e+03
    1.31775570e+04]
 [ -1.47745753e+02  -4.88530548e+01  -2.02673785e+01   4.59943463e+00
   -1.75502630e+01  -3.32877879e+01  -2.49766610e+01   4.25652390e+01
    1.06683441e+02]
 [ -1.97175108e+02   2.01893615e+02   4.53408223e+01  -3.75135340e+02
   -2.10160223e+02   2.72644721e+01   7.83255825e+01   1.54695922e+03
    2.91918765e+03]
 [ -1.48418638e+02  -3.91374351e+01  -1.76991229e+01  -1.03990368e+01
   -2.37099497e+01  -2.49708796e+01  -2.18722767e+01   1.01992214e+02
    2.18350426e+02]
 [ -5.21404493e+02   9.07175887e+02   2.24625128e+02  -1.46626935e+03
   -8.01578032e+02   1.25582132e+02   4.03742344e+02   6.31359992e+03
    1.18443579e+04]
 [ -1.88331069e+02   4.63502318e+01   4.25631498e+00  -1.42653428e+02
   -9.64733459e+01  -1.69834915e+01   1.84625695e+01   6.80228508e+02
    1.30026349e+03]
 [ -1.05814976e+03   2.26529799e+03   5.73158589e+02  -3.55759377e+03
   -1.91676559e+03   3.54738663e+02   1.01429416e+03   1.52501128e+04
    2.85706604e+04]
 [ -1.72658397e+02   7.99735737e+00  -5.00741560e+00  -8.39903141e+01
   -6.53464416e+01  -2.28114421e+01   1.82229259e+00   4.30952132e+02
    8.32688353e+02]
 [ -1.72175136e+02  -1.76176554e+01  -1.02547615e+01  -4.73005810e+01
   -4.77562993e+01  -2.63964294e+01  -6.29019012e+00   3.06038261e+02
    5.97150526e+02]
 [ -1.77878316e+02  -2.35500046e+01  -1.04209072e+01  -4.06864608e+01
   -4.59117110e+01  -2.62124389e+01  -5.85658883e+00   3.05748823e+02
    5.94761650e+02]
 [ -1.63028170e+02   3.44598970e+01   2.52003699e+00  -1.22297074e+02
   -8.19620691e+01  -1.11601024e+01   1.02248160e+01   5.47668259e+02
    1.04938296e+03]
 [ -1.90878471e+02   1.03348140e+02   1.98927926e+01  -2.28419042e+02
   -1.37958852e+02   2.68906040e+00   4.06284064e+01   1.00273159e+03
    1.90195365e+03]
 [ -1.64656821e+02   3.30624869e+01   1.59038782e+00  -1.20433566e+02
   -7.98925296e+01  -6.74785789e+00   8.66235884e+00   5.45644281e+02
    1.04726403e+03]
 [ -1.05370505e+02  -3.11254719e+01  -1.48887201e+01  -1.56225458e+01
   -1.88960031e+01  -1.50559788e+01  -2.66421173e+01   8.26214456e+00
    3.95444713e+01]
 [ -1.74139281e+02   6.76284899e+01   1.10203794e+01  -1.73016350e+02
   -1.08563229e+02  -4.80827357e+00   2.46596451e+01   7.59296674e+02
    1.44542443e+03]
 [ -1.57413829e+02   5.43315996e+00  -3.56214196e+00  -7.97935109e+01
   -6.04643001e+01  -1.38557612e+01  -2.26929173e-01   3.88652956e+02
    7.49861421e+02]
 [ -3.17483400e+02   4.17138708e+02   1.00812587e+02  -7.12470519e+02
   -3.96346234e+02   5.71478772e+01   1.82489339e+02   3.08063965e+03
    5.79074667e+03]
 [ -2.07291222e+02   1.35604289e+02   2.82607264e+01  -2.79135441e+02
   -1.64519191e+02   1.28957303e+01   5.53202208e+01   1.23224322e+03
    2.33209115e+03]
 [ -1.47404839e+02  -4.27585903e+01  -1.60598797e+01  -7.47094629e+00
   -2.17831424e+01  -1.62125158e+01  -2.11518054e+01   1.06429448e+02
    2.23015388e+02]
 [ -3.44604410e+02   3.99153664e+02   9.55000286e+01  -6.90048089e+02
   -3.89120281e+02   5.15972690e+01   1.79907312e+02   3.07246307e+03
    5.77847290e+03]
 [ -2.09673421e+02   2.90707997e+01   1.96466166e+00  -1.23346025e+02
   -8.90539385e+01  -9.42483032e+00   1.73115622e+01   6.88064405e+02
    1.31385882e+03]
 [ -1.80750946e+02   4.40070691e+01   5.47285129e+00  -1.40959540e+02
   -9.06227935e+01   6.52269467e+00   1.57217479e+01   6.75668139e+02
    1.29060195e+03]
 [ -1.78278110e+02   1.56790119e+01  -4.44745996e-01  -9.99618352e+01
   -7.05636901e+01   2.78838799e+00   6.22343748e+00   5.30178792e+02
    1.01647686e+03]
 [ -2.18192244e+02   1.24057364e+02   2.63830943e+01  -2.65729981e+02
   -1.57347011e+02   2.38200748e+01   5.27659889e+01   1.22794427e+03
    2.32432973e+03]
 [ -1.94199270e+02   3.54174119e+01   4.95850702e+00  -1.32224905e+02
   -8.83674383e+01   9.37229921e+00   1.65988734e+01   6.92985370e+02
    1.32140361e+03]
 [ -1.57497531e+02  -6.46620362e+01  -2.11643426e+01   2.17170048e+01
   -5.95534345e+00  -5.78119166e+00  -2.86848009e+01   4.15813822e+01
    1.03457414e+02]
 [ -2.01873622e+02   3.26469414e+01   4.56197247e+00  -1.29595279e+02
   -8.76737086e+01   1.12215699e+01   1.70456480e+01   7.07076088e+02
    1.34845096e+03]
 [ -2.03937364e+02   2.62414573e+01   3.54094652e+00  -1.21281287e+02
   -8.38561111e+01   1.22879066e+01   1.55609662e+01   6.88013487e+02
    1.31195833e+03]
 [ -1.57101747e+02  -6.53688573e+01  -2.20372540e+01   2.26105962e+01
   -3.25520070e+00   2.53158322e+00  -3.09700668e+01   3.94500686e+01
    1.01492716e+02]
 [ -2.36505861e+02   1.64583965e+02   3.87412259e+01  -3.31256253e+02
   -1.90057435e+02   4.80295802e+01   7.18789585e+01   1.53179870e+03
    2.89151601e+03]
 [ -2.12427028e+02   1.86220077e+01   2.13557947e+00  -1.12554873e+02
   -7.99470092e+01   1.67848427e+01   1.42220015e+01   6.87539547e+02
    1.31109510e+03]
 [ -1.65013732e+02  -7.27690936e+01  -2.36716902e+01   3.16628051e+01
    1.09062793e+00   6.41774224e+00  -3.26450242e+01   3.35196479e+01
    9.11465842e+01]
 [ -2.10406669e+02   1.98788259e+01   1.40083870e+00  -1.13578576e+02
   -7.82293500e+01   2.26449950e+01   1.22293008e+01   6.83576960e+02
    1.30611560e+03]
 [ -2.00127551e+02   1.87540753e+01   8.34919381e-01  -1.10203493e+02
   -7.36868287e+01   2.79394100e+01   8.92024110e+00   6.44266104e+02
    1.23315983e+03]
 [ -2.12513572e+02   1.94705151e+01   2.65139151e+00  -1.14605990e+02
   -7.86835966e+01   2.79765124e+01   1.35946769e+01   7.02299820e+02
    1.33963698e+03]
 [ -2.23661389e+02   4.00474274e+00  -4.18213898e+00  -9.16086574e+01
   -6.78593200e+01   2.17064052e+01   6.36842943e+00   6.36929823e+02
    1.22281042e+03]
 [ -2.34900091e+02   5.80270375e+00  -2.42104438e+00  -9.72273892e+01
   -7.30199492e+01   2.23609626e+01   1.07508869e+01   6.94897964e+02
    1.32962182e+03]
 [ -2.35431663e+02   8.42746481e+00  -2.82303626e+00  -1.00526309e+02
   -7.35291196e+01   2.51274619e+01   1.01222477e+01   7.04351351e+02
    1.34947761e+03]
 [ -2.40149718e+02   1.20842946e+01  -1.90430523e+00  -1.06714859e+02
   -7.68771125e+01   2.73496275e+01   1.21204639e+01   7.40120070e+02
    1.41686505e+03]
 [ -2.01271833e+02  -1.01622584e+02  -2.97342532e+01   6.62416271e+01
    1.37853167e+01   8.62154405e+00  -3.61677414e+01   2.32901228e+01
    7.31825814e+01]
 [ -2.02413014e+02  -8.99209805e+01  -2.72832674e+01   4.91935086e+01
    5.66560305e+00   1.13325211e+01  -3.23572413e+01   8.48722019e+01
    1.89288078e+02]
 [ -1.96687525e+02  -9.64710683e+01  -2.98173696e+01   6.03474223e+01
    1.26824577e+01   1.08569694e+01  -3.70715144e+01   2.57169090e+01
    7.99463357e+01]
 [ -2.52955576e+02   1.50656767e+02   3.38588767e+01  -3.14017572e+02
   -1.78863058e+02   6.47788508e+01   6.54643757e+01   1.52195987e+03
    2.87881508e+03]
 [ -2.38744199e+02   8.73706245e+01   1.87845991e+01  -2.19167397e+02
   -1.31006387e+02   5.16657544e+01   4.08002530e+01   1.14926050e+03
    2.17951327e+03]
 [ -1.93158043e+02   2.22982043e+01   1.31021599e+00  -1.15322607e+02
   -7.11731258e+01   4.66109057e+01   6.23523560e+00   6.52061906e+02
    1.24976484e+03]
 [ -2.13621669e+02   5.19451514e+00  -2.29358190e+00  -9.37790574e+01
   -6.55794875e+01   3.57902109e+01   5.43397581e+00   6.32155825e+02
    1.21186133e+03]
 [ -2.11459361e+02   8.48266417e+00  -1.92603751e+00  -9.79302867e+01
   -6.68575433e+01   3.71190584e+01   5.56302201e+00   6.39003437e+02
    1.22541561e+03]
 [ -1.74236977e+02  -8.29775358e+01  -2.56540793e+01   4.33528801e+01
    8.88540863e+00   2.20714033e+01  -3.61442456e+01   3.13100127e+01
    8.84134842e+01]
 [ -2.26343460e+02   2.48218879e+01   3.20030920e+00  -1.25047645e+02
   -8.35046340e+01   3.76475335e+01   1.59277834e+01   7.80098405e+02
    1.48811380e+03]
 [ -2.15271378e+02   1.33898963e+01  -4.34449134e-01  -1.05958147e+02
   -7.16367084e+01   3.74905480e+01   8.46958230e+00   6.79072770e+02
    1.30005556e+03]
 [ -1.84163714e+02   2.61020580e+01  -6.80613713e-01  -1.11899393e+02
   -8.13485130e+01  -2.33522692e+01   1.06947192e+01   5.58369162e+02
    1.07164542e+03]
 [ -1.60363310e+02  -5.62059187e+01  -2.11334285e+01   1.25012802e+01
   -1.64167414e+01  -3.61481717e+01  -2.39483144e+01   5.38441987e+01
    1.26731692e+02]
 [ -9.65991432e+02   2.00556878e+03   5.08837582e+02  -3.16134827e+03
   -1.70830212e+03   3.11120476e+02   9.02486464e+02   1.35951232e+04
    2.54695578e+04]
 [ -1.17049076e+02  -3.30579611e+01  -1.38022603e+01  -1.57508852e+01
   -2.19427288e+01  -1.76069397e+01  -2.28752074e+01   4.66791689e+01
    1.09636557e+02]
 [ -1.51724266e+02   6.12467652e+01   8.85320622e+00  -1.59881959e+02
   -9.69444223e+01   1.45708784e+00   1.66274114e+01   6.51544490e+02
    1.24434275e+03]
 [ -3.30338479e+02   3.87530420e+02   9.15078839e+01  -6.69160644e+02
   -3.77665110e+02   4.21411108e+01   1.72509649e+02   2.94890949e+03
    5.54766247e+03]
 [ -2.42404640e+01  -3.44521672e+01  -6.33899869e+00   4.63707771e+01
    2.16975596e+01   2.70707280e+01  -1.73308694e+01  -1.21029648e+01
   -3.01635750e+01]
 [ -2.83925346e+01  -3.87062283e+01  -6.74694916e+00   5.11790758e+01
    2.33577474e+01   2.81751823e+01  -1.75281358e+01  -1.26872042e+01
   -3.21312912e+01]
 [ -3.11914819e+01  -4.32845636e+01  -6.91230277e+00   5.60561140e+01
    2.48137739e+01   2.91685866e+01  -1.78742838e+01  -1.31884963e+01
   -3.40485584e+01]
 [ -3.53481759e+01  -4.75335490e+01  -7.33088344e+00   6.08380366e+01
    2.64639782e+01   3.02101998e+01  -1.80443400e+01  -1.37860516e+01
   -3.60226802e+01]
 [ -4.08681416e+01  -5.14496294e+01  -7.99611267e+00   6.55293867e+01
    2.83102982e+01   3.13230662e+01  -1.80580125e+01  -1.44730414e+01
   -3.80535455e+01]
 [ -4.50260709e+01  -5.56962849e+01  -8.41639019e+00   7.03037762e+01
    2.99579782e+01   3.23519391e+01  -1.82279436e+01  -1.50727598e+01
   -4.00309551e+01]
 [ -4.78332979e+01  -6.02711167e+01  -8.58798491e+00   7.51656880e+01
    3.14080735e+01   3.33039851e+01  -1.85584939e+01  -1.55784218e+01
   -4.19490303e+01]
 [ -5.33491888e+01  -6.41860447e+01  -9.25434444e+00   7.98528602e+01
    3.32544550e+01   3.44178545e+01  -1.85733133e+01  -1.62712967e+01
   -4.39845635e+01]
 [ -5.69335073e+01  -6.78655682e+01  -9.56001068e+00   8.39564815e+01
    3.45365863e+01   3.49246696e+01  -1.85937615e+01  -1.66181834e+01
   -4.55531134e+01]
 [ -5.91674393e+01  -7.02137781e+01  -9.58762855e+00   8.64979949e+01
    3.49671613e+01   3.42215520e+01  -1.82650436e+01  -1.63867691e+01
   -4.61768795e+01]
 [ -6.00519309e+01  -7.28892966e+01  -9.36887866e+00   8.91214603e+01
    3.51980755e+01   3.34233972e+01  -1.80955327e+01  -1.60614640e+01
   -4.67425889e+01]
 [ -6.36456836e+01  -7.49079410e+01  -9.64283611e+00   9.15786124e+01
    3.58265253e+01   3.27973511e+01  -1.76089388e+01  -1.59175164e+01
   -4.74205615e+01]
 [ -6.50380931e+01  -7.71577878e+01  -9.61089451e+00   9.43749156e+01
    3.62184038e+01   3.18686599e+01  -1.78206423e+01  -1.55189553e+01
   -4.83608867e+01]
 [ -6.81145127e+01  -7.93410097e+01  -9.29563909e+00   9.68739565e+01
    3.66664792e+01   3.13639751e+01  -1.68080707e+01  -1.55559730e+01
   -4.86819738e+01]
 [ -7.11965165e+01  -8.13210316e+01  -8.66082482e+00   9.91715641e+01
    3.68425234e+01   3.08421128e+01  -1.63842478e+01  -1.55397411e+01
   -4.92260047e+01]
 [ -7.34412588e+01  -8.36504524e+01  -8.66794078e+00   1.01717564e+02
    3.72701832e+01   3.01198309e+01  -1.60447463e+01  -1.53112315e+01
   -4.98489911e+01]
 [ -7.35012733e+01  -8.69154109e+01  -9.46677719e+00   1.04384645e+02
    3.77694951e+01   2.91220766e+01  -1.60837447e+01  -1.46749006e+01
   -5.04773204e+01]
 [  1.15353300e+01  -1.22908766e+00   3.44405654e-01   6.73805646e+00
    4.50682082e-01  -2.85025487e+00  -8.68813726e+00   1.78730865e+00
   -6.86760564e+00]
 [  9.64745407e+00  -3.13753014e+00  -5.64973807e-02   8.97345898e+00
    1.67444871e+00  -1.09535817e+00  -9.17150393e+00   9.29681964e-01
   -8.23316844e+00]
 [  7.73208022e+00  -5.03815189e+00  -4.50451771e-01   1.12086469e+01
    2.89443949e+00   6.54529152e-01  -9.66422204e+00   8.93349833e-02
   -9.58934784e+00]
 [  5.79721981e+00  -6.93260651e+00  -8.40315088e-01   1.34422719e+01
    4.11236126e+00   2.40470765e+00  -1.01610159e+01  -7.42632597e-01
   -1.09397216e+01]
 [  3.87497147e+00  -8.83127307e+00  -1.23253232e+00   1.56774062e+01
    5.33140808e+00   4.15334262e+00  -1.06560719e+01  -1.57865965e+00
   -1.22935552e+01]
 [  1.94297986e+00  -1.07268561e+01  -1.62270401e+00   1.79117590e+01
    6.54942039e+00   5.90212318e+00  -1.11531657e+01  -2.41049700e+00
   -1.36444860e+01]
 [  1.49939375e-02  -1.26232659e+01  -2.01430449e+00   2.01454375e+01
    7.76828612e+00   7.65355402e+00  -1.16476217e+01  -3.24678451e+00
   -1.49972056e+01]
 [ -4.11623326e+00   2.58999502e+00  -1.85137160e-01  -9.19177357e+00
   -7.60493511e+00  -1.01367160e+00  -1.18148804e+01   2.59157704e+01
    4.33210041e+01]
 [  1.01554574e+01  -2.74975221e+00  -3.81020600e-02   8.18108359e+00
    1.16325414e+00  -1.67137437e+00  -8.75054077e+00   8.46001336e-01
   -8.01771017e+00]
 [  8.22860835e+00  -4.64586045e+00  -4.30822948e-01   1.04133600e+01
    2.38288274e+00   8.41046868e-02  -9.24205890e+00   5.13344737e-03
   -9.37166180e+00]
 [  6.30349122e+00  -6.54339863e+00  -8.22731802e-01   1.26477665e+01
    3.60183902e+00   1.83413759e+00  -9.73681488e+00  -8.31023833e-01
   -1.07249384e+01]
 [  4.38124289e+00  -8.44206519e+00  -1.21494903e+00   1.48829008e+01
    4.82088584e+00   3.58277257e+00  -1.02318709e+01  -1.66705089e+00
   -1.20787720e+01]
 [  2.45212006e+00  -1.03387766e+01  -1.60542910e+00   1.71179815e+01
    6.03898870e+00   5.33015520e+00  -1.07292647e+01  -2.49875801e+00
   -1.34302597e+01]
 [  5.20128450e-01  -1.22343596e+01  -1.99560079e+00   1.93523343e+01
    7.25700101e+00   7.07893576e+00  -1.12263585e+01  -3.33059537e+00
   -1.47811904e+01]
 [  1.16840735e+01  -1.02279242e+00   3.89199706e-01   6.50503239e+00
    3.26750769e-01  -3.00807233e+00  -8.63683579e+00   1.87310634e+00
   -6.72287076e+00]
 [  1.04999028e+01  -9.30231120e-01   4.51168248e-01   8.42589638e+00
    1.15719780e+00  -1.53657252e+00  -1.10914152e+01   3.04125652e+00
   -6.24122995e+00]
 [  7.89803647e+00  -4.83862692e+00  -4.07507974e-01   1.09799901e+01
    2.77105143e+00   4.88324081e-01  -9.61472055e+00   1.75914033e-01
   -9.44795461e+00]
 [  2.02007337e+00  -7.18938568e+00  -1.07943226e+00   1.20151363e+01
    4.16437860e+00   3.23611920e+00  -7.58596686e+00  -1.42621111e+00
   -9.31547311e+00]
 [  4.05640858e+00  -8.63708842e+00  -1.19225081e+00   1.54509866e+01
    5.20923562e+00   3.98419609e+00  -1.06051325e+01  -1.49600985e+00
   -1.21561787e+01]
 [  2.97145539e+00  -1.04355527e+01  -1.52241919e+00   1.79423237e+01
    6.38988274e+00   5.51917047e+00  -1.16429784e+01  -2.16371123e+00
   -1.38254862e+01]
 [ -4.31823841e+00  -1.29481760e+01  -2.29434899e+00   1.85491627e+01
    7.84548522e+00   8.62330923e+00  -8.71297127e+00  -4.03939632e+00
   -1.31623767e+01]
 [  1.18768351e+01  -1.04286779e+00   3.22910031e-01   6.17927209e+00
    6.06774879e-02  -3.27360857e+00  -8.32578916e+00   1.63092034e+00
   -6.79040165e+00]
 [  9.97975785e+00  -2.94619362e+00  -7.90003208e-02   8.40895890e+00
    1.28560768e+00  -1.50502371e+00  -8.80208013e+00   7.63611986e-01
   -8.15620060e+00]
 [  8.04717124e+00  -4.84004509e+00  -4.71104457e-01   1.06397796e+01
    2.50505520e+00   2.53251214e-01  -9.29299827e+00  -7.75163570e-02
   -9.50903834e+00]
 [  6.12492290e+00  -6.73871165e+00  -8.63321687e-01   1.28749139e+01
    3.72410202e+00   2.00188619e+00  -9.78805425e+00  -9.13543411e-01
   -1.08628719e+01]
 [  4.20267457e+00  -8.63737821e+00  -1.25553892e+00   1.51100482e+01
    4.94314884e+00   3.75052116e+00  -1.02831102e+01  -1.74957046e+00
   -1.22167054e+01]
 [  2.27355175e+00  -1.05340896e+01  -1.64601898e+00   1.73451289e+01
    6.16125170e+00   5.49790379e+00  -1.07805041e+01  -2.58127759e+00
   -1.35681931e+01]
 [  3.45565824e-01  -1.24304994e+01  -2.03761946e+00   1.95788075e+01
    7.38011743e+00   7.24933463e+00  -1.12749600e+01  -3.41756510e+00
   -1.49209128e+01]
 [  7.88717192e-01   6.81016873e+00   1.34079631e+00  -8.57399593e+00
   -5.67382349e+00  -7.70121809e-01   9.48417403e-01   4.83250546e+01
    8.66106730e+01]
 [  1.09133575e+01  -1.98715729e+00   1.21564290e-01   7.28694404e+00
    6.74125072e-01  -2.37283211e+00  -8.55625896e+00   1.18732404e+00
   -7.47242340e+00]
 [  8.99338300e+00  -3.88522071e+00  -2.72893759e-01   9.51927414e+00
    1.89469764e+00  -6.16100710e-01  -9.04543923e+00   3.42136225e-01
   -8.82872087e+00]
 [  7.08087794e+00  -5.78697083e+00  -6.67156526e-01   1.17551900e+01
    3.11477896e+00   1.13238867e+00  -9.53845734e+00  -4.98080528e-01
   -1.01854572e+01]
 [  5.15289201e+00  -7.68338064e+00  -1.05875700e+00   1.39888685e+01
    4.33364469e+00   2.88381952e+00  -1.00329133e+01  -1.33436804e+00
   -1.15381769e+01]
 [  3.78559268e+00  -9.51421784e+00  -1.40892649e+00   1.63945442e+01
    5.52674688e+00   4.49006262e+00  -1.08905086e+01  -2.05678141e+00
   -1.31013588e+01]
 [  1.29177758e+00  -1.14756750e+01  -1.83940876e+00   1.84583020e+01
    6.76975987e+00   6.37998271e+00  -1.10274010e+01  -2.99791252e+00
   -1.42405953e+01]
 [  1.16575087e+01  -1.22065200e+00   2.84704961e-01   6.39269721e+00
    1.83108085e-01  -3.07679454e+00  -8.36665288e+00   1.53728660e+00
   -6.92244492e+00]
 [  1.04374445e+01  -6.15378508e-01  -1.25614663e-01   8.57685117e+00
    1.48543329e+00  -1.60293605e+00  -1.05687254e+01   2.88212948e+00
   -6.29719716e+00]
 [  7.84565258e+00  -5.02633110e+00  -5.09227337e-01   1.08611041e+01
    2.62659386e+00   4.32183278e-01  -9.34183767e+00  -1.61077751e-01
   -9.64251628e+00]
 [  1.96482069e+00  -7.37596148e+00  -1.18084325e+00   1.18955224e+01
    4.01983048e+00   3.18137633e+00  -7.31278399e+00  -1.76333312e+00
   -9.50947783e+00]
 [  3.99828711e+00  -8.82253584e+00  -1.29335342e+00   1.53306448e+01
    5.06459695e+00   3.93085116e+00  -1.03316496e+01  -1.83326209e+00
   -1.23496264e+01]
 [  2.91333392e+00  -1.06210001e+01  -1.62352181e+00   1.78219819e+01
    6.24524408e+00   5.46582553e+00  -1.13694955e+01  -2.50096347e+00
   -1.40189339e+01]
 [ -4.37635988e+00  -1.31336234e+01  -2.39545160e+00   1.84288209e+01
    7.70084656e+00   8.56996429e+00  -8.43948840e+00  -4.37664856e+00
   -1.33558245e+01]
 [ -2.27697760e+01  -7.71486971e+00  -4.06275641e+00  -1.16229006e+01
   -7.67442281e+00  -9.96298162e-02  -1.42344171e+01  -1.72024513e+01
   -2.63044214e+01]
 [  1.10993953e+01  -1.79553097e+00   1.62349458e-01   7.06338233e+00
    5.51370825e-01  -2.54882272e+00  -8.50885744e+00   1.27481468e+00
   -7.33492878e+00]
 [  9.18342648e+00  -3.69442119e+00  -2.33537377e-01   9.29503820e+00
    1.77279681e+00  -7.89441038e-01  -8.99539985e+00   4.25176711e-01
   -8.69301516e+00]
 [  7.27379022e+00  -5.59729970e+00  -6.28108519e-01   1.15316819e+01
    2.99296868e+00   9.57650412e-01  -9.48871796e+00  -4.14909816e-01
   -1.00503084e+01]
 [  5.35154188e+00  -7.49596626e+00  -1.02032575e+00   1.37668162e+01
    4.21201550e+00   2.70628539e+00  -9.98377393e+00  -1.25093687e+00
   -1.14041420e+01]
 [ -4.90590157e+00  -1.02680983e+01  -1.97539346e+00   1.34691919e+01
    5.78149544e+00   6.54276572e+00  -5.21860727e+00  -3.68199807e+00
   -9.64662602e+00]
 [ -5.84770342e+00  -1.21310844e+01  -2.32131455e+00   1.60097799e+01
    6.97205286e+00   8.05403760e+00  -6.29204366e+00  -4.33686287e+00
   -1.13478523e+01]
 [ -4.28952098e-01  -1.31880556e+01  -2.19350311e+00   2.04721119e+01
    7.86726803e+00   7.94968562e+00  -1.14736176e+01  -3.75037818e+00
   -1.54609509e+01]
 [  1.38144380e+01   2.62851765e+00  -6.83838386e-01   4.97939459e+00
    2.03998469e-01  -4.15860763e+00  -8.32250753e+00   8.12324955e+00
    3.37827157e+00]
 [  1.07204453e+01  -2.17682843e+00   8.25162827e-02   7.51045211e+00
    7.95935358e-01  -2.19809385e+00  -8.60599835e+00   1.10415333e+00
   -7.60757217e+00]
 [  5.13397658e+00  -4.49656633e+00  -5.73384883e-01   8.62850917e+00
    2.17927717e+00   4.87781310e-01  -6.74928178e+00  -4.56740515e-01
   -7.58602601e+00]
 [  6.88796565e+00  -5.97664197e+00  -7.06204532e-01   1.19786980e+01
    3.23658925e+00   1.30712694e+00  -9.58819673e+00  -5.81251241e-01
   -1.03206060e+01]
 [  4.95997973e+00  -7.87305177e+00  -1.09780501e+00   1.42123766e+01
    4.45545498e+00   3.05855778e+00  -1.00826527e+01  -1.41753875e+00
   -1.16733256e+01]
 [  3.02798812e+00  -9.76863477e+00  -1.48797670e+00   1.64467294e+01
    5.67346730e+00   4.80733834e+00  -1.05797466e+01  -2.24937610e+00
   -1.30242564e+01]
 [  1.09886530e+00  -1.16653461e+01  -1.87845677e+00   1.86818101e+01
    6.89157015e+00   6.55472097e+00  -1.10771404e+01  -3.08108323e+00
   -1.43757441e+01]
 [  1.12567452e+01  -1.59262087e+00   2.06218382e-01   6.83254189e+00
    4.27711143e-01  -2.71083399e+00  -8.45845596e+00   1.36100305e+00
   -7.19186472e+00]
 [  9.36199480e+00  -3.49910817e+00  -1.92947492e-01   9.06789076e+00
    1.65053381e+00  -9.57189631e-01  -8.94416049e+00   5.07696288e-01
   -8.55508167e+00]
 [  7.45522733e+00  -5.40311505e+00  -5.87827009e-01   1.13052623e+01
    2.87079622e+00   7.88503885e-01  -9.43777859e+00  -3.32260011e-01
   -9.91293190e+00]
 [  5.52610451e+00  -7.29982642e+00  -9.78307078e-01   1.35403430e+01
    4.08889908e+00   2.53588651e+00  -9.93517243e+00  -1.16396714e+00
   -1.12644196e+01]
 [  3.60672496e+00  -9.19962136e+00  -1.37083268e+00   1.57762052e+01
    5.30803644e+00   4.28312355e+00  -1.04305284e+01  -1.99986396e+00
   -1.26188101e+01]
 [ -1.11367885e+01  -1.03733758e+01  -2.79892321e+00   1.40927892e+01
    7.25475906e+00   9.06477964e+00  -4.84259277e+00  -4.84119460e+00
   -1.02438496e+01]
 [ -2.50383780e-01  -1.29927425e+01  -2.15291323e+00   2.02449644e+01
    7.74500503e+00   7.78193702e+00  -1.14223782e+01  -3.66785860e+00
   -1.53230175e+01]
 [  1.19713184e+01   3.76720768e+00  -3.02141407e-01   4.92856953e+00
    3.97369724e-01  -3.73104591e+00  -8.88141276e+00   8.59828668e+00
    3.80222540e+00]
 [  1.05781850e+01  -2.17736544e+00   1.44375605e-01   7.85071624e+00
    1.06287555e+00  -1.96176863e+00  -8.92538276e+00   1.35326379e+00
   -7.54883428e+00]
 [  1.43137396e+01  -3.43135602e+00   1.49014477e-01   1.17984589e+01
    2.03461848e+00  -1.63460562e+00  -1.30204768e+01   1.60270646e+00
   -1.10293142e+01]
 [ -7.48636018e+00  -4.39259081e+00  -2.71873528e+00   8.60451244e+00
    5.36590087e+00   4.97897801e+00  -1.67428732e+00  -2.10198851e+00
   -5.04995406e+00]
 [  4.82518892e+00  -7.87727549e+00  -1.03575041e+00   1.45562265e+01
    4.72190393e+00   3.28664098e+00  -1.04058750e+01  -1.16345722e+00
   -1.16150266e+01]
 [  2.89606610e+00  -9.77398686e+00  -1.42623047e+00   1.67913071e+01
    5.94000679e+00   5.03402361e+00  -1.09032688e+01  -1.99516435e+00
   -1.29665143e+01]
 [  9.66943278e-01  -1.16706982e+01  -1.81671054e+00   1.90263878e+01
    7.15810965e+00   6.78140623e+00  -1.14006626e+01  -2.82687148e+00
   -1.43180020e+01]
 [  1.18366720e+01  -1.02707049e+00   3.27227291e-01   6.16908186e+00
    5.94098776e-02  -3.25403749e+00  -8.32158922e+00   1.62909717e+00
   -6.78260445e+00]
 [  9.96254509e+00  -2.93942335e+00  -7.71500668e-02   8.40459166e+00
    1.28506442e+00  -1.49663610e+00  -8.80028016e+00   7.62830623e-01
   -8.15285894e+00]
 [  8.03856486e+00  -4.83665996e+00  -4.70179330e-01   1.06375960e+01
    2.50478357e+00   2.57445016e-01  -9.29209828e+00  -7.79070382e-02
   -9.50736751e+00]
 [  6.11057894e+00  -6.73306976e+00  -8.61779808e-01   1.28712746e+01
    3.72364930e+00   2.00887586e+00  -9.78655427e+00  -9.14194546e-01
   -1.08600872e+01]
 [  4.19119940e+00  -8.63286470e+00  -1.25430541e+00   1.51071367e+01
    4.94278667e+00   3.75611290e+00  -1.02819102e+01  -1.75009137e+00
   -1.22144777e+01]
 [  2.25920778e+00  -1.05284477e+01  -1.64447711e+00   1.73414895e+01
    6.16079898e+00   5.50489346e+00  -1.07790041e+01  -2.58192873e+00
   -1.35654084e+01]
 [  3.34090652e-01  -1.24259859e+01  -2.03638596e+00   1.95758960e+01
    7.37975526e+00   7.25492637e+00  -1.12737601e+01  -3.41808601e+00
   -1.49186850e+01]
 [ -2.07839527e+01  -7.16562266e+00  -3.73778811e+00  -1.05807384e+01
   -7.11562448e+00  -2.66203600e-01  -1.34293222e+01  -1.58213413e+01
   -2.45167029e+01]
 [  1.10993953e+01  -1.79553097e+00   1.62349458e-01   7.06338233e+00
    5.51370825e-01  -2.54882272e+00  -8.50885744e+00   1.27481468e+00
   -7.33492878e+00]
 [  9.18342648e+00  -3.69442119e+00  -2.33537377e-01   9.29503820e+00
    1.77279681e+00  -7.89441038e-01  -8.99539985e+00   4.25176711e-01
   -8.69301516e+00]
 [  7.27379022e+00  -5.59729970e+00  -6.28108519e-01   1.15316819e+01
    2.99296868e+00   9.57650412e-01  -9.48871796e+00  -4.14909816e-01
   -1.00503084e+01]
 [  5.34580430e+00  -7.49370950e+00  -1.01970900e+00   1.37653605e+01
    4.21183441e+00   2.70908125e+00  -9.98317394e+00  -1.25119732e+00
   -1.14030281e+01]
 [  9.60155615e+00  -4.57465878e-01   2.14394718e+00   8.17654120e+00
   -2.65777033e-01  -4.68248127e+00  -1.05512036e+01   1.83279294e+00
   -8.88036739e+00]
 [  6.27382869e-01  -7.44087618e+00   1.49005174e+00   1.40139539e+01
    9.91297187e-01  -4.83939375e+00  -1.11475978e+01  -3.96486946e-01
   -1.38385479e+01]
 [ -4.32737972e+02  -3.25735106e+02  -5.00785351e+01   3.87179277e+02
    8.49935375e+01  -1.67142643e+02   9.95143961e+00  -6.46335821e+01
   -1.62155515e+02]
 [ -5.25563090e+02  -4.15919038e+02  -4.91527422e+01   4.84775605e+02
    1.00176492e+02  -2.03118231e+02   2.61523528e+01  -6.01303268e+01
   -1.91461648e+02]
 [ -5.29998526e+02  -4.18497348e+02  -4.99408599e+01   4.85712028e+02
    1.00690977e+02  -2.01178532e+02   2.46327631e+01  -6.26617205e+01
   -1.95037050e+02]
 [ -5.33976676e+02  -4.20627224e+02  -5.07391957e+01   4.86152085e+02
    1.01131092e+02  -1.99041747e+02   2.30249370e+01  -6.52336394e+01
   -1.98482289e+02]
 [ -5.37950821e+02  -4.22757928e+02  -5.15389603e+01   4.86591468e+02
    1.01572060e+02  -1.96902311e+02   2.14197487e+01  -6.78100084e+01
   -2.01929317e+02]
 [ -5.43284806e+02  -4.26236410e+02  -5.23123570e+01   4.88517927e+02
    1.02238697e+02  -1.95346187e+02   2.00871835e+01  -7.02781521e+01
   -2.05772202e+02]
 [ -5.47710402e+02  -4.28815900e+02  -5.31040202e+01   4.89451969e+02
    1.02756205e+02  -1.93398643e+02   1.85712424e+01  -7.28219843e+01
   -2.09353047e+02]
 [ -5.51227260e+02  -4.30498170e+02  -5.39140029e+01   4.89394986e+02
    1.03122803e+02  -1.91062119e+02   1.68778176e+01  -7.54388787e+01
   -2.12669911e+02]
 [ -5.56557240e+02  -4.33977479e+02  -5.46888284e+01   4.91320770e+02
    1.03790294e+02  -1.89503345e+02   1.55478903e+01  -7.79114725e+01
   -2.16514585e+02]
 [ -5.60980659e+02  -4.36558269e+02  -5.54812325e+01   4.92255171e+02
    1.04307339e+02  -1.87555696e+02   1.40362142e+01  -8.04562166e+01
   -2.20095354e+02]
 [ -5.65404078e+02  -4.39139059e+02  -5.62736366e+01   4.93189572e+02
    1.04824383e+02  -1.85608047e+02   1.25245381e+01  -8.30009607e+01
   -2.23676123e+02]
 [ -5.69244755e+02  -4.41151662e+02  -5.69503254e+01   4.93452774e+02
    1.04976851e+02  -1.84181962e+02   1.11647181e+01  -8.53006428e+01
   -2.26853235e+02]
 [ -5.71743057e+02  -4.41834913e+02  -5.73508207e+01   4.92152768e+02
    1.04274939e+02  -1.83984346e+02   1.01477980e+01  -8.70092296e+01
   -2.29080727e+02]
 [ -5.74241359e+02  -4.42518165e+02  -5.77513159e+01   4.90852762e+02
    1.03573027e+02  -1.83786730e+02   9.13087789e+00  -8.87178165e+01
   -2.31308220e+02]
 [ -5.76739661e+02  -4.43201416e+02  -5.81518111e+01   4.89552756e+02
    1.02871116e+02  -1.83589114e+02   8.11395780e+00  -9.04264033e+01
   -2.33535712e+02]
 [ -5.79237963e+02  -4.43884668e+02  -5.85523064e+01   4.88252751e+02
    1.02169204e+02  -1.83391498e+02   7.09703771e+00  -9.21349901e+01
   -2.35763204e+02]
 [ -5.81736265e+02  -4.44567920e+02  -5.89528016e+01   4.86952745e+02
    1.01467293e+02  -1.83193882e+02   6.08011762e+00  -9.38435769e+01
   -2.37990697e+02]
 [ -5.84234567e+02  -4.45251171e+02  -5.93532968e+01   4.85652739e+02
    1.00765381e+02  -1.82996265e+02   5.06319753e+00  -9.55521637e+01
   -2.40218189e+02]
 [ -5.86732869e+02  -4.45934423e+02  -5.97537921e+01   4.84352733e+02
    1.00063469e+02  -1.82798649e+02   4.04627744e+00  -9.72607505e+01
   -2.42445682e+02]
 [ -5.89231171e+02  -4.46617674e+02  -6.01542873e+01   4.83052728e+02
    9.93615579e+01  -1.82601033e+02   3.02935736e+00  -9.89693373e+01
   -2.44673174e+02]
 [ -5.91729473e+02  -4.47300926e+02  -6.05547825e+01   4.81752722e+02
    9.86596463e+01  -1.82403417e+02   2.01243727e+00  -1.00677924e+02
   -2.46900666e+02]
 [ -5.94227775e+02  -4.47984178e+02  -6.09552778e+01   4.80452716e+02
    9.79577347e+01  -1.82205801e+02   9.95517179e-01  -1.02386511e+02
   -2.49128159e+02]
 [ -5.96722071e+02  -4.48668256e+02  -6.13572018e+01   4.79152036e+02
    9.72566766e+01  -1.82005535e+02  -1.87650511e-02  -1.04099548e+02
   -2.51357440e+02]
 [ -5.99220373e+02  -4.49351508e+02  -6.17576970e+01   4.77852030e+02
    9.65547650e+01  -1.81807918e+02  -1.03568514e+00  -1.05808135e+02
   -2.53584932e+02]
 [ -6.01718675e+02  -4.50034759e+02  -6.21581923e+01   4.76552024e+02
    9.58528534e+01  -1.81610302e+02  -2.05260523e+00  -1.07516722e+02
   -2.55812425e+02]
 [ -6.04216977e+02  -4.50718011e+02  -6.25586875e+01   4.75252019e+02
    9.51509418e+01  -1.81412686e+02  -3.06952532e+00  -1.09225308e+02
   -2.58039917e+02]
 [ -6.04719615e+02  -4.50853196e+02  -6.26377599e+01   4.74991794e+02
    9.50108517e+01  -1.81373798e+02  -3.27770191e+00  -1.09565224e+02
   -2.58485134e+02]
 [ -6.04719615e+02  -4.50853196e+02  -6.26377599e+01   4.74991794e+02
    9.50108517e+01  -1.81373798e+02  -3.27770191e+00  -1.09565224e+02
   -2.58485134e+02]
 [ -6.04719615e+02  -4.50853196e+02  -6.26377599e+01   4.74991794e+02
    9.50108517e+01  -1.81373798e+02  -3.27770191e+00  -1.09565224e+02
   -2.58485134e+02]
 [ -6.04719615e+02  -4.50853196e+02  -6.26377599e+01   4.74991794e+02
    9.50108517e+01  -1.81373798e+02  -3.27770191e+00  -1.09565224e+02
   -2.58485134e+02]
 [ -6.04719615e+02  -4.50853196e+02  -6.26377599e+01   4.74991794e+02
    9.50108517e+01  -1.81373798e+02  -3.27770191e+00  -1.09565224e+02
   -2.58485134e+02]
 [ -6.04719615e+02  -4.50853196e+02  -6.26377599e+01   4.74991794e+02
    9.50108517e+01  -1.81373798e+02  -3.27770191e+00  -1.09565224e+02
   -2.58485134e+02]
 [ -6.04719615e+02  -4.50853196e+02  -6.26377599e+01   4.74991794e+02
    9.50108517e+01  -1.81373798e+02  -3.27770191e+00  -1.09565224e+02
   -2.58485134e+02]
 [ -6.04719615e+02  -4.50853196e+02  -6.26377599e+01   4.74991794e+02
    9.50108517e+01  -1.81373798e+02  -3.27770191e+00  -1.09565224e+02
   -2.58485134e+02]
 [ -6.04719615e+02  -4.50853196e+02  -6.26377599e+01   4.74991794e+02
    9.50108517e+01  -1.81373798e+02  -3.27770191e+00  -1.09565224e+02
   -2.58485134e+02]
 [ -6.04719615e+02  -4.50853196e+02  -6.26377599e+01   4.74991794e+02
    9.50108517e+01  -1.81373798e+02  -3.27770191e+00  -1.09565224e+02
   -2.58485134e+02]
 [ -6.04719615e+02  -4.50853196e+02  -6.26377599e+01   4.74991794e+02
    9.50108517e+01  -1.81373798e+02  -3.27770191e+00  -1.09565224e+02
   -2.58485134e+02]
 [ -6.04719615e+02  -4.50853196e+02  -6.26377599e+01   4.74991794e+02
    9.50108517e+01  -1.81373798e+02  -3.27770191e+00  -1.09565224e+02
   -2.58485134e+02]
 [ -6.04719615e+02  -4.50853196e+02  -6.26377599e+01   4.74991794e+02
    9.50108517e+01  -1.81373798e+02  -3.27770191e+00  -1.09565224e+02
   -2.58485134e+02]
 [ -6.04719615e+02  -4.50853196e+02  -6.26377599e+01   4.74991794e+02
    9.50108517e+01  -1.81373798e+02  -3.27770191e+00  -1.09565224e+02
   -2.58485134e+02]
 [ -6.04719615e+02  -4.50853196e+02  -6.26377599e+01   4.74991794e+02
    9.50108517e+01  -1.81373798e+02  -3.27770191e+00  -1.09565224e+02
   -2.58485134e+02]
 [ -6.04719615e+02  -4.50853196e+02  -6.26377599e+01   4.74991794e+02
    9.50108517e+01  -1.81373798e+02  -3.27770191e+00  -1.09565224e+02
   -2.58485134e+02]
 [ -6.03813054e+02  -4.49954676e+02  -6.26553385e+01   4.74000410e+02
    9.48604058e+01  -1.80984924e+02  -3.45945066e+00  -1.09637374e+02
   -2.58221229e+02]
 [ -6.04719615e+02  -4.50853196e+02  -6.26377599e+01   4.74991794e+02
    9.50108517e+01  -1.81373798e+02  -3.27770191e+00  -1.09565224e+02
   -2.58485134e+02]
 [ -6.04719615e+02  -4.50853196e+02  -6.26377599e+01   4.74991794e+02
    9.50108517e+01  -1.81373798e+02  -3.27770191e+00  -1.09565224e+02
   -2.58485134e+02]
 [ -6.04719615e+02  -4.50853196e+02  -6.26377599e+01   4.74991794e+02
    9.50108517e+01  -1.81373798e+02  -3.27770191e+00  -1.09565224e+02
   -2.58485134e+02]
 [ -6.04719615e+02  -4.50853196e+02  -6.26377599e+01   4.74991794e+02
    9.50108517e+01  -1.81373798e+02  -3.27770191e+00  -1.09565224e+02
   -2.58485134e+02]
 [ -6.04719615e+02  -4.50853196e+02  -6.26377599e+01   4.74991794e+02
    9.50108517e+01  -1.81373798e+02  -3.27770191e+00  -1.09565224e+02
   -2.58485134e+02]
 [ -6.04719615e+02  -4.50853196e+02  -6.26377599e+01   4.74991794e+02
    9.50108517e+01  -1.81373798e+02  -3.27770191e+00  -1.09565224e+02
   -2.58485134e+02]
 [ -5.22675858e+02  -3.69537207e+02  -6.42286206e+01   3.85271575e+02
    8.13955024e+01  -1.46180635e+02  -1.97259635e+01  -1.16094821e+02
   -2.34601738e+02]
 [ -6.04719615e+02  -4.50853196e+02  -6.26377599e+01   4.74991794e+02
    9.50108517e+01  -1.81373798e+02  -3.27770191e+00  -1.09565224e+02
   -2.58485134e+02]
 [ -6.04719615e+02  -4.50853196e+02  -6.26377599e+01   4.74991794e+02
    9.50108517e+01  -1.81373798e+02  -3.27770191e+00  -1.09565224e+02
   -2.58485134e+02]
 [ -6.04266334e+02  -4.50403936e+02  -6.26465492e+01   4.74496102e+02
    9.49356287e+01  -1.81179361e+02  -3.36857628e+00  -1.09601299e+02
   -2.58353182e+02]
 [ -6.04719615e+02  -4.50853196e+02  -6.26377599e+01   4.74991794e+02
    9.50108517e+01  -1.81373798e+02  -3.27770191e+00  -1.09565224e+02
   -2.58485134e+02]
 [ -6.04719615e+02  -4.50853196e+02  -6.26377599e+01   4.74991794e+02
    9.50108517e+01  -1.81373798e+02  -3.27770191e+00  -1.09565224e+02
   -2.58485134e+02]
 [ -6.04719615e+02  -4.50853196e+02  -6.26377599e+01   4.74991794e+02
    9.50108517e+01  -1.81373798e+02  -3.27770191e+00  -1.09565224e+02
   -2.58485134e+02]
 [ -3.77172843e+02  -2.25324873e+02  -6.70499812e+01   2.26154501e+02
    5.72489436e+01  -8.37662410e+01  -4.88966373e+01  -1.27674935e+02
   -1.92244997e+02]
 [ -6.04719615e+02  -4.50853196e+02  -6.26377599e+01   4.74991794e+02
    9.50108517e+01  -1.81373798e+02  -3.27770191e+00  -1.09565224e+02
   -2.58485134e+02]
 [ -6.04719615e+02  -4.50853196e+02  -6.26377599e+01   4.74991794e+02
    9.50108517e+01  -1.81373798e+02  -3.27770191e+00  -1.09565224e+02
   -2.58485134e+02]
 [ -6.04719615e+02  -4.50853196e+02  -6.26377599e+01   4.74991794e+02
    9.50108517e+01  -1.81373798e+02  -3.27770191e+00  -1.09565224e+02
   -2.58485134e+02]
 [ -6.04719615e+02  -4.50853196e+02  -6.26377599e+01   4.74991794e+02
    9.50108517e+01  -1.81373798e+02  -3.27770191e+00  -1.09565224e+02
   -2.58485134e+02]
 [ -6.04719615e+02  -4.50853196e+02  -6.26377599e+01   4.74991794e+02
    9.50108517e+01  -1.81373798e+02  -3.27770191e+00  -1.09565224e+02
   -2.58485134e+02]
 [ -6.04719615e+02  -4.50853196e+02  -6.26377599e+01   4.74991794e+02
    9.50108517e+01  -1.81373798e+02  -3.27770191e+00  -1.09565224e+02
   -2.58485134e+02]
 [ -5.24488980e+02  -3.71334245e+02  -6.41934634e+01   3.87254342e+02
    8.16963941e+01  -1.46958385e+02  -1.93624660e+01  -1.15950520e+02
   -2.35129548e+02]
 [ -6.04719615e+02  -4.50853196e+02  -6.26377599e+01   4.74991794e+02
    9.50108517e+01  -1.81373798e+02  -3.27770191e+00  -1.09565224e+02
   -2.58485134e+02]
 [ -6.04719615e+02  -4.50853196e+02  -6.26377599e+01   4.74991794e+02
    9.50108517e+01  -1.81373798e+02  -3.27770191e+00  -1.09565224e+02
   -2.58485134e+02]
 [ -6.04719615e+02  -4.50853196e+02  -6.26377599e+01   4.74991794e+02
    9.50108517e+01  -1.81373798e+02  -3.27770191e+00  -1.09565224e+02
   -2.58485134e+02]
 [ -6.04719615e+02  -4.50853196e+02  -6.26377599e+01   4.74991794e+02
    9.50108517e+01  -1.81373798e+02  -3.27770191e+00  -1.09565224e+02
   -2.58485134e+02]
 [ -6.04719615e+02  -4.50853196e+02  -6.26377599e+01   4.74991794e+02
    9.50108517e+01  -1.81373798e+02  -3.27770191e+00  -1.09565224e+02
   -2.58485134e+02]
 [ -6.04719615e+02  -4.50853196e+02  -6.26377599e+01   4.74991794e+02
    9.50108517e+01  -1.81373798e+02  -3.27770191e+00  -1.09565224e+02
   -2.58485134e+02]
 [ -6.04719615e+02  -4.50853196e+02  -6.26377599e+01   4.74991794e+02
    9.50108517e+01  -1.81373798e+02  -3.27770191e+00  -1.09565224e+02
   -2.58485134e+02]
 [ -6.04719615e+02  -4.50853196e+02  -6.26377599e+01   4.74991794e+02
    9.50108517e+01  -1.81373798e+02  -3.27770191e+00  -1.09565224e+02
   -2.58485134e+02]
 [ -6.04719615e+02  -4.50853196e+02  -6.26377599e+01   4.74991794e+02
    9.50108517e+01  -1.81373798e+02  -3.27770191e+00  -1.09565224e+02
   -2.58485134e+02]
 [ -6.04719615e+02  -4.50853196e+02  -6.26377599e+01   4.74991794e+02
    9.50108517e+01  -1.81373798e+02  -3.27770191e+00  -1.09565224e+02
   -2.58485134e+02]
 [ -6.04719615e+02  -4.50853196e+02  -6.26377599e+01   4.74991794e+02
    9.50108517e+01  -1.81373798e+02  -3.27770191e+00  -1.09565224e+02
   -2.58485134e+02]
 [ -6.04719615e+02  -4.50853196e+02  -6.26377599e+01   4.74991794e+02
    9.50108517e+01  -1.81373798e+02  -3.27770191e+00  -1.09565224e+02
   -2.58485134e+02]
 [ -6.04719615e+02  -4.50853196e+02  -6.26377599e+01   4.74991794e+02
    9.50108517e+01  -1.81373798e+02  -3.27770191e+00  -1.09565224e+02
   -2.58485134e+02]
 [ -6.04719615e+02  -4.50853196e+02  -6.26377599e+01   4.74991794e+02
    9.50108517e+01  -1.81373798e+02  -3.27770191e+00  -1.09565224e+02
   -2.58485134e+02]
 [ -6.04719615e+02  -4.50853196e+02  -6.26377599e+01   4.74991794e+02
    9.50108517e+01  -1.81373798e+02  -3.27770191e+00  -1.09565224e+02
   -2.58485134e+02]
 [ -6.04719615e+02  -4.50853196e+02  -6.26377599e+01   4.74991794e+02
    9.50108517e+01  -1.81373798e+02  -3.27770191e+00  -1.09565224e+02
   -2.58485134e+02]
 [ -6.04719615e+02  -4.50853196e+02  -6.26377599e+01   4.74991794e+02
    9.50108517e+01  -1.81373798e+02  -3.27770191e+00  -1.09565224e+02
   -2.58485134e+02]
 [ -6.04719615e+02  -4.50853196e+02  -6.26377599e+01   4.74991794e+02
    9.50108517e+01  -1.81373798e+02  -3.27770191e+00  -1.09565224e+02
   -2.58485134e+02]
 [ -6.04719615e+02  -4.50853196e+02  -6.26377599e+01   4.74991794e+02
    9.50108517e+01  -1.81373798e+02  -3.27770191e+00  -1.09565224e+02
   -2.58485134e+02]
 [ -6.04719615e+02  -4.50853196e+02  -6.26377599e+01   4.74991794e+02
    9.50108517e+01  -1.81373798e+02  -3.27770191e+00  -1.09565224e+02
   -2.58485134e+02]
 [ -6.04719615e+02  -4.50853196e+02  -6.26377599e+01   4.74991794e+02
    9.50108517e+01  -1.81373798e+02  -3.27770191e+00  -1.09565224e+02
   -2.58485134e+02]
 [ -6.04719615e+02  -4.50853196e+02  -6.26377599e+01   4.74991794e+02
    9.50108517e+01  -1.81373798e+02  -3.27770191e+00  -1.09565224e+02
   -2.58485134e+02]
 [ -6.04719615e+02  -4.50853196e+02  -6.26377599e+01   4.74991794e+02
    9.50108517e+01  -1.81373798e+02  -3.27770191e+00  -1.09565224e+02
   -2.58485134e+02]
 [ -6.04719615e+02  -4.50853196e+02  -6.26377599e+01   4.74991794e+02
    9.50108517e+01  -1.81373798e+02  -3.27770191e+00  -1.09565224e+02
   -2.58485134e+02]
 [ -6.04719615e+02  -4.50853196e+02  -6.26377599e+01   4.74991794e+02
    9.50108517e+01  -1.81373798e+02  -3.27770191e+00  -1.09565224e+02
   -2.58485134e+02]
 [ -6.04719615e+02  -4.50853196e+02  -6.26377599e+01   4.74991794e+02
    9.50108517e+01  -1.81373798e+02  -3.27770191e+00  -1.09565224e+02
   -2.58485134e+02]
 [ -6.03813054e+02  -4.49954676e+02  -6.26553385e+01   4.74000410e+02
    9.48604058e+01  -1.80984924e+02  -3.45945066e+00  -1.09637374e+02
   -2.58221229e+02]
 [ -6.04719615e+02  -4.50853196e+02  -6.26377599e+01   4.74991794e+02
    9.50108517e+01  -1.81373798e+02  -3.27770191e+00  -1.09565224e+02
   -2.58485134e+02]
 [ -6.04719615e+02  -4.50853196e+02  -6.26377599e+01   4.74991794e+02
    9.50108517e+01  -1.81373798e+02  -3.27770191e+00  -1.09565224e+02
   -2.58485134e+02]
 [ -6.04719615e+02  -4.50853196e+02  -6.26377599e+01   4.74991794e+02
    9.50108517e+01  -1.81373798e+02  -3.27770191e+00  -1.09565224e+02
   -2.58485134e+02]
 [ -6.03813054e+02  -4.49954676e+02  -6.26553385e+01   4.74000410e+02
    9.48604058e+01  -1.80984924e+02  -3.45945066e+00  -1.09637374e+02
   -2.58221229e+02]
 [ -6.04719615e+02  -4.50853196e+02  -6.26377599e+01   4.74991794e+02
    9.50108517e+01  -1.81373798e+02  -3.27770191e+00  -1.09565224e+02
   -2.58485134e+02]
 [ -6.04719615e+02  -4.50853196e+02  -6.26377599e+01   4.74991794e+02
    9.50108517e+01  -1.81373798e+02  -3.27770191e+00  -1.09565224e+02
   -2.58485134e+02]
 [ -6.04719615e+02  -4.50853196e+02  -6.26377599e+01   4.74991794e+02
    9.50108517e+01  -1.81373798e+02  -3.27770191e+00  -1.09565224e+02
   -2.58485134e+02]
 [ -1.96821375e+01   7.36566759e+00  -5.00366790e+00   4.47948345e+00
   -3.17410539e+00  -1.68019828e+01  -3.69424334e+00   9.86481625e+01
    1.69827624e+02]
 [ -2.31582577e+01   9.29563466e+00  -1.48969672e+01   2.25405708e+01
    1.11687030e+01  -1.96444234e+01   5.33692139e-02   6.49109047e+01
    1.05849224e+02]
 [ -2.12008674e+01  -7.97350123e+00  -1.56662992e+00   1.54531694e+01
   -2.83790794e+00  -1.98356603e+01  -8.02463092e+00   5.94659101e+01
    1.00664373e+02]
 [ -2.12362896e+01  -8.71064158e+00  -2.16217797e+00   1.54049678e+01
   -2.75038380e+00  -1.96544435e+01  -8.44316928e+00   5.93192727e+01
    1.00220618e+02]
 [ -2.11659535e+01  -8.57365090e+00  -2.31751674e+00   1.49699900e+01
   -2.77106656e+00  -1.92633808e+01  -8.70573947e+00   5.90155233e+01
    9.99737014e+01]
 [ -2.20240016e+01  -9.31495121e+00  -2.43019678e+00   1.55385923e+01
   -2.64227086e+00  -1.92615923e+01  -8.77856607e+00   5.87883735e+01
    9.94704755e+01]
 [ -2.24433183e+01  -9.59350645e+00  -2.53494599e+00   1.56196337e+01
   -2.58934299e+00  -1.90656328e+01  -8.93693715e+00   5.85281148e+01
    9.91042660e+01]
 [ -2.28626350e+01  -9.87206168e+00  -2.63969520e+00   1.57006751e+01
   -2.53641512e+00  -1.88696733e+01  -9.09530823e+00   5.82678560e+01
    9.87380565e+01]
 [ -2.32892262e+01  -1.01438742e+01  -2.73608435e+00   1.57857819e+01
   -2.48380971e+00  -1.86738470e+01  -9.25101437e+00   5.80090804e+01
    9.83743790e+01]
 [ -2.37230919e+01  -1.04089439e+01  -2.82411345e+00   1.58749543e+01
   -2.43152676e+00  -1.84781539e+01  -9.40405557e+00   5.77517879e+01
    9.80132335e+01]
 [ -2.41569576e+01  -1.06740137e+01  -2.91214255e+00   1.59641266e+01
   -2.37924380e+00  -1.82824607e+01  -9.55709676e+00   5.74944953e+01
    9.76520879e+01]
 [ -2.48429958e+01  -1.10906747e+01  -3.04588391e+00   1.62444810e+01
   -2.28476895e+00  -1.82131741e+01  -9.71921142e+00   5.71753102e+01
    9.71952442e+01]
 [ -2.52768615e+01  -1.13557444e+01  -3.13391301e+00   1.63336533e+01
   -2.23248600e+00  -1.80174810e+01  -9.87225261e+00   5.69180176e+01
    9.68340986e+01]
 [ -2.57180017e+01  -1.16140714e+01  -3.21358205e+00   1.64268911e+01
   -2.18052550e+00  -1.78219210e+01  -1.00226289e+01   5.66622082e+01
    9.64754850e+01]
 [ -2.61518674e+01  -1.18791412e+01  -3.30161115e+00   1.65160635e+01
   -2.12824255e+00  -1.76262279e+01  -1.01756701e+01   5.64049156e+01
    9.61143395e+01]
 [ -2.61397272e+01  -1.16882086e+01  -3.39006948e+00   1.61136094e+01
   -2.15150498e+00  -1.72362305e+01  -1.04169207e+01   5.61130311e+01
    9.58876784e+01]
 [ -2.70268733e+01  -1.24025380e+01  -3.46930930e+00   1.66984736e+01
   -2.02399910e+00  -1.72349747e+01  -1.04790875e+01   5.58918136e+01
    9.53945804e+01]
 [ -2.74680135e+01  -1.26608650e+01  -3.54897834e+00   1.67917114e+01
   -1.97203861e+00  -1.70394147e+01  -1.06294637e+01   5.56360042e+01
    9.50359668e+01]
 [ -2.79091537e+01  -1.29191920e+01  -3.62864739e+00   1.68849492e+01
   -1.92007811e+00  -1.68438547e+01  -1.07798400e+01   5.53801947e+01
    9.46773532e+01]
 [ -2.83430194e+01  -1.31842618e+01  -3.71667649e+00   1.69741215e+01
   -1.86779516e+00  -1.66481616e+01  -1.09328812e+01   5.51229022e+01
    9.43162077e+01]
 [ -2.87841596e+01  -1.34425888e+01  -3.79634553e+00   1.70673593e+01
   -1.81583467e+00  -1.64526016e+01  -1.10832574e+01   5.48670927e+01
    9.39575941e+01]
 [ -2.92252998e+01  -1.37009158e+01  -3.87601457e+00   1.71605971e+01
   -1.76387417e+00  -1.62570416e+01  -1.12336337e+01   5.46112832e+01
    9.35989806e+01]
 [ -2.96664400e+01  -1.39592428e+01  -3.95568362e+00   1.72538349e+01
   -1.71191368e+00  -1.60614816e+01  -1.13840099e+01   5.43554738e+01
    9.32403670e+01]
 [ -3.26145811e+01   2.03641155e+00  -1.78243671e+01   2.48257731e+01
    1.24888797e+01  -1.56648163e+01  -3.64152987e+00   5.92421819e+01
    9.74479509e+01]
 [ -3.01091170e+01  -1.40043306e+01  -4.10131871e+00   1.69483197e+01
   -1.68401864e+00  -1.54742277e+01  -1.17700856e+01   5.38006128e+01
    9.26533943e+01]
 [ -3.05502572e+01  -1.42626576e+01  -4.18098776e+00   1.70415575e+01
   -1.63205814e+00  -1.52786677e+01  -1.19204618e+01   5.35448033e+01
    9.22947807e+01]
 [ -3.09913974e+01  -1.45209846e+01  -4.26065680e+00   1.71347953e+01
   -1.58009765e+00  -1.50831077e+01  -1.20708381e+01   5.32889939e+01
    9.19361672e+01]
 [ -3.14272997e+01  -1.47865740e+01  -4.34803893e+00   1.72260915e+01
   -1.52785578e+00  -1.48879386e+01  -1.22232684e+01   5.30346054e+01
    9.15773451e+01]
 [ -3.18684399e+01  -1.50449010e+01  -4.42770797e+00   1.73193293e+01
   -1.47589529e+00  -1.46923786e+01  -1.23736446e+01   5.27787959e+01
    9.12187315e+01]
 [ -3.27608239e+01  -1.57519680e+01  -4.49923470e+00   1.79061350e+01
   -1.34867078e+00  -1.46907319e+01  -1.24337574e+01   5.25561575e+01
    9.07258420e+01]
 [ -3.27486837e+01  -1.55610354e+01  -4.58769303e+00   1.75036810e+01
   -1.37193321e+00  -1.43007346e+01  -1.26750080e+01   5.22642730e+01
    9.04991809e+01]
 [ -3.31845860e+01  -1.58266248e+01  -4.67507516e+00   1.75949772e+01
   -1.31969135e+00  -1.41055655e+01  -1.28274383e+01   5.20098845e+01
    9.01403588e+01]
 [ -3.36257262e+01  -1.60849518e+01  -4.75474421e+00   1.76882150e+01
   -1.26773085e+00  -1.39100055e+01  -1.29778146e+01   5.17540750e+01
    8.97817453e+01]
 [ -3.40668664e+01  -1.63432788e+01  -4.83441325e+00   1.77814528e+01
   -1.21577036e+00  -1.37144455e+01  -1.31281908e+01   5.14982656e+01
    8.94231317e+01]
 [ -3.45080066e+01  -1.66016058e+01  -4.91408230e+00   1.78746906e+01
   -1.16380986e+00  -1.35188855e+01  -1.32785671e+01   5.12424561e+01
    8.90645181e+01]
 [ -3.54024273e+01  -1.73091925e+01  -4.98496206e+00   1.84636202e+01
   -1.03662645e+00  -1.35177629e+01  -1.33380689e+01   5.10227218e+01
    8.85739521e+01]
 [ -3.59301711e+01  -1.67031245e+01  -5.19528203e+00   1.79317253e+01
   -6.01856912e-01  -1.31752521e+01  -1.36842995e+01   5.06007467e+01
    8.84918536e+01]
 [ -3.68234271e+01  -1.74190127e+01  -5.27258093e+00   1.85229609e+01
   -4.74474300e-01  -1.31755684e+01  -1.37446337e+01   5.03882414e+01
    8.80057260e+01]
 [ -3.71738904e+01  -1.85406955e+01  -5.22289299e+00   1.92370838e+01
   -8.05240669e-01  -1.31259112e+01  -1.37003774e+01   5.02927895e+01
    8.73659504e+01]
 [ -3.67084698e+01  -1.79005033e+01  -5.32014060e+00   1.83389379e+01
   -9.03726023e-01  -1.25414764e+01  -1.40325023e+01   4.99648298e+01
    8.72712418e+01]
 [ -3.76894941e+01  -1.77436949e+01  -5.52167129e+00   1.83027348e+01
   -3.93733565e-01  -1.23934030e+01  -1.42878586e+01   4.95789298e+01
    8.70571908e+01]
 [ -3.85879879e+01  -1.84523208e+01  -5.59125711e+00   1.88959121e+01
   -2.66632323e-01  -1.23933284e+01  -1.43461387e+01   4.93650036e+01
    8.65712717e+01]
 [ -3.80298538e+01  -1.86749647e+01  -5.55979471e+00   1.86165275e+01
   -7.47803452e-01  -1.19542725e+01  -1.44842420e+01   4.91944974e+01
    8.61930776e+01]
 [ -3.89242744e+01  -1.93825513e+01  -5.63067447e+00   1.92054571e+01
   -6.20620034e-01  -1.19531498e+01  -1.45437439e+01   4.89747630e+01
    8.57025115e+01]
 [ -3.89121342e+01  -1.91916188e+01  -5.71913280e+00   1.88030031e+01
   -6.43882464e-01  -1.15631525e+01  -1.47849945e+01   4.86828784e+01
    8.54758504e+01]
 [ -3.93480365e+01  -1.94572081e+01  -5.80651492e+00   1.88942992e+01
   -5.91640600e-01  -1.13679834e+01  -1.49374248e+01   4.84284900e+01
    8.51170283e+01]
 [ -3.97891767e+01  -1.97155352e+01  -5.88618397e+00   1.89875370e+01
   -5.39680105e-01  -1.11724234e+01  -1.50878010e+01   4.81726805e+01
    8.47584148e+01]
 [ -4.06835973e+01  -2.04231218e+01  -5.95706373e+00   1.95764667e+01
   -4.12496687e-01  -1.11713008e+01  -1.51473029e+01   4.79529462e+01
    8.42678487e+01]
 [ -4.06714571e+01  -2.02321892e+01  -6.04552206e+00   1.91740126e+01
   -4.35759117e-01  -1.07813034e+01  -1.53885535e+01   4.76610616e+01
    8.40411876e+01]
 [ -4.11125973e+01  -2.04905162e+01  -6.12519110e+00   1.92672504e+01
   -3.83798622e-01  -1.05857434e+01  -1.55389298e+01   4.74052521e+01
    8.36825741e+01]
 [ -4.15537375e+01  -2.07488432e+01  -6.20486015e+00   1.93604882e+01
   -3.31838128e-01  -1.03901834e+01  -1.56893060e+01   4.71494427e+01
    8.33239605e+01]
 [ -4.19948777e+01  -2.10071702e+01  -6.28452919e+00   1.94537260e+01
   -2.79877634e-01  -1.01946234e+01  -1.58396823e+01   4.68936332e+01
    8.29653469e+01]
 [ -8.46573736e+01   8.30609872e+01   1.95403458e+01  -1.39577914e+02
   -8.36460190e+01   8.39819124e+00   3.09419356e+01   7.17621487e+02
    1.33993918e+03]
 [ -3.88244913e+01   1.54681378e+01  -5.53772393e+00  -1.12701524e+01
   -7.40897530e+00  -1.23458658e+01   1.03417166e+01   1.57528316e+02
    2.91122295e+02]
 [ -8.66954082e+02   2.17212381e+03   5.14596588e+02  -3.27132709e+03
   -1.73047545e+03   3.41777810e+02   9.77273853e+02   1.41384496e+04
    2.64429022e+04]
 [ -6.00667790e+02   3.11573028e+02   5.25693107e+01  -5.15164322e+02
   -3.62848691e+02  -3.64675445e+01   2.19528474e+02   3.49262925e+03
    6.56646689e+03]
 [ -1.74918178e+02  -9.72823295e+01  -3.13107814e+01   1.07609663e+02
    1.95177639e+01  -7.72064943e+01  -1.68904307e+01  -5.13433002e+01
   -7.94290009e+01]
 [ -2.06146446e+01  -4.51487449e+00  -3.09265840e+00  -1.03345410e+01
   -6.21167498e+00   5.98707910e-01  -1.14630399e+01  -1.18903145e+01
   -1.74977681e+01]
 [ -2.97339760e+02   3.71841022e+02   9.08101883e+01  -6.47310639e+02
   -3.47912147e+02   1.14760601e+02   1.56518941e+02   2.84444690e+03
    5.34968280e+03]
 [ -3.58029811e+01   1.86925848e+01  -6.44047135e+00  -1.25912963e+01
   -6.40820662e+00  -1.08693598e+01   1.11528374e+01   1.58087394e+02
    2.91348812e+02]
 [ -9.30758714e+01   1.41900722e+02   1.50583297e+01  -1.85605633e+02
   -9.87758777e+01   2.30155834e+00   6.81278059e+01   9.66305719e+02
    1.79801616e+03]
 [ -8.89323148e+01   7.17316486e+00  -5.53814285e+01   7.04263576e+01
    6.39131404e+01   3.10070594e+01   1.79013877e+01   1.41072851e+02
    2.51521398e+02]
 [ -7.87536374e+01   2.66274338e+00  -5.22347830e+01   7.13267023e+01
    6.37546799e+01   3.43336524e+01   1.39947453e+01   1.03513917e+02
    1.81675741e+02]
 [ -2.17771677e+02  -1.30324999e+02  -3.91738021e+01   1.66723710e+02
    3.63102550e+01  -1.11019199e+02  -1.09199564e+01  -5.24853228e+01
   -8.46240427e+01]
 [ -1.00323608e+04   2.55255654e+04   6.54116523e+03  -3.92813533e+04
   -2.09500787e+04   4.23198956e+03   1.14576515e+04   1.67637723e+05
    3.13767289e+05]
 [ -2.11818169e+04   5.38902650e+04   1.38095020e+04  -8.29341333e+04
   -4.42306146e+04   8.93644847e+03   2.41937662e+04   3.53925732e+05
    6.62445986e+05]
 [ -1.70511414e+02  -1.01785905e+02  -3.06402677e+01   1.30012540e+02
    2.80467587e+01  -8.69751690e+01  -9.31054925e+00  -4.13260895e+01
   -6.70962101e+01]
 [ -6.09615444e-01   7.15596139e-01   2.57424736e-01   4.46127187e-01
   -6.39350653e-01  -1.27639229e+00  -3.24228319e+00   2.06507365e+00
    5.86525309e-01]
 [ -6.16291327e+01  -4.14597213e+01  -8.83773495e+00   4.79073301e+01
    2.43866221e+01   4.04542965e+01  -1.06408996e+01   4.73338243e+01
    9.24221223e+01]
 [ -3.27598539e+02   4.81162914e+02   3.65069605e+01  -6.12556283e+02
   -3.52892835e+02   6.00719632e+00   2.30386472e+02   3.25511088e+03
    6.08431126e+03]
 [ -3.36113623e+02   9.71893128e-01  -5.92977611e+01   4.10053163e+01
    6.98068145e+00  -6.56723277e+01   5.70074987e+01   8.44032018e+02
    1.60250755e+03]
 [ -3.38896233e+01  -3.19516131e+01   3.72781085e+00   4.09478083e+01
    4.74098852e+00  -2.18395785e+01   5.25179465e+00   3.48378188e+00
   -1.37016304e+01]
 [ -3.47840440e+01  -3.26591997e+01   3.65693109e+00   4.15367379e+01
    4.86817194e+00  -2.18384559e+01   5.19229277e+00   3.26404754e+00
   -1.41921965e+01]
 [ -3.54064429e+01  -3.37272111e+01   3.22946206e+00   4.20597430e+01
    5.00331785e+00  -2.18288229e+01   5.02440741e+00   3.11466522e+00
   -1.46948836e+01]
 [ -3.62347291e+01  -3.42059540e+01   2.70768174e+00   4.27338318e+01
    6.04797221e+00  -2.21536423e+01   4.61188215e+00   2.69575664e+00
   -1.50967557e+01]
 [ -3.38908664e+02  -1.82623882e+02  -6.79558502e+01   2.49134581e+02
    5.86019604e+01  -1.68669473e+02  -8.11619482e+00  -2.06372668e+01
   -2.04356875e+01]
 [  2.02072903e+00   2.08404256e-01   1.15387281e+00   3.10970654e+00
   -1.00826004e-01  -1.50422466e+00  -5.09272946e+00  -1.69980231e-01
   -4.91482538e+00]
 [ -2.77678267e+01  -2.54684610e+01   2.55190579e+00   3.20963120e+01
    3.82279402e+00  -1.59007440e+01   2.06962952e+00   1.38188299e+00
   -1.32907397e+01]
 [ -2.86679241e+01  -2.61539084e+01   2.51906219e+00   3.27120095e+01
    3.94984999e+00  -1.59091231e+01   2.01778245e+00   1.16859486e+00
   -1.37769459e+01]
 [ -2.92827821e+01  -2.70942947e+01   2.28416653e+00   3.33407652e+01
    4.08580028e+00  -1.59414944e+01   1.87903134e+00   9.99385276e-01
   -1.42968517e+01]
 [ -3.01097974e+01  -2.75231344e+01   1.83812468e+00   3.40573529e+01
    5.13051893e+00  -1.62838769e+01   1.47805403e+00   5.75807690e-01
   -1.47046835e+01]
 [ -1.42942665e+04   3.51821251e+04   9.00632241e+03  -5.42058647e+04
   -2.89995253e+04   5.68362368e+03   1.58796631e+04   2.32459479e+05
    4.35125390e+05]
 [ -1.53340174e+02   3.92633820e+02   1.00782516e+02  -6.01634178e+02
   -3.21705581e+02   6.34098612e+01   1.72805383e+02   2.57351246e+03
    4.81306283e+03]
 [ -1.84646104e+01   4.64987537e+01   1.21947118e+01  -6.94346520e+01
   -3.80638545e+01   6.12122348e+00   1.76462745e+01   3.04666940e+02
    5.66338346e+02]
 [ -1.10483673e+05   2.81092398e+05   7.20285218e+04  -4.32593003e+05
   -2.30706967e+05   4.66177905e+04   1.26209791e+05   1.84608899e+06
    3.45535817e+06]
 [ -1.10526264e+05   2.81202815e+05   7.20562533e+04  -4.32762325e+05
   -2.30796723e+05   4.66365361e+04   1.26258762e+05   1.84680806e+06
    3.45670450e+06]
 [ -1.10439172e+05   2.80979854e+05   7.19991052e+04  -4.32419493e+05
   -2.30613884e+05   4.65997959e+04   1.26158616e+05   1.84534518e+06
    3.45396652e+06]
 [ -1.10427835e+05   2.80949398e+05   7.19915893e+04  -4.32373449e+05
   -2.30589491e+05   4.65950288e+04   1.26144895e+05   1.84514817e+06
    3.45359799e+06]
 [ -1.10428006e+05   2.80948683e+05   7.19910907e+04  -4.32372130e+05
   -2.30588621e+05   4.65951030e+04   1.26144551e+05   1.84514335e+06
    3.45358898e+06]
 [ -1.10429605e+05   2.80951370e+05   7.19917658e+04  -4.32376570e+05
   -2.30590986e+05   4.65957871e+04   1.26145723e+05   1.84516243e+06
    3.45362483e+06]
 [ -1.10427787e+05   2.80945132e+05   7.19904558e+04  -4.32367797e+05
   -2.30586470e+05   4.65950365e+04   1.26142876e+05   1.84512448e+06
    3.45355400e+06]
 [ -1.10429715e+05   2.80948890e+05   7.19911033e+04  -4.32373361e+05
   -2.30589271e+05   4.65958526e+04   1.26144541e+05   1.84514903e+06
    3.45359998e+06]
 [ -1.10429063e+05   2.80945850e+05   7.19903108e+04  -4.32368987e+05
   -2.30586936e+05   4.65955868e+04   1.26143142e+05   1.84513050e+06
    3.45356542e+06]
 [ -1.10493404e+05   2.81107935e+05   7.20321341e+04  -4.32619262e+05
   -2.30720573e+05   4.66227528e+04   1.26215873e+05   1.84619802e+06
    3.45556373e+06]
 [ -1.10435490e+05   2.80959208e+05   7.19940087e+04  -4.32390676e+05
   -2.30598663e+05   4.65983246e+04   1.26149059e+05   1.84522268e+06
    3.45373829e+06]
 [ -1.10403430e+05   2.80876261e+05   7.19727398e+04  -4.32263325e+05
   -2.30530743e+05   4.65848060e+04   1.26111781e+05   1.84467936e+06
    3.45272147e+06]
 [ -1.10433992e+05   2.80952637e+05   7.19922979e+04  -4.32381172e+05
   -2.30593590e+05   4.65977116e+04   1.26146040e+05   1.84518241e+06
    3.45366315e+06]
 [ -1.10439072e+05   2.80964412e+05   7.19950001e+04  -4.32399076e+05
   -2.30602971e+05   4.65998574e+04   1.26151304e+05   1.84525962e+06
    3.45380769e+06]
 [ -1.10418632e+05   2.80911028e+05   7.19813067e+04  -4.32317222e+05
   -2.30559316e+05   4.65912419e+04   1.26127300e+05   1.84491045e+06
    3.45315427e+06]
 [ -2.48562643e+04   6.32190766e+04   1.61994318e+04  -9.72952405e+04
   -5.18892411e+04   1.04872486e+04   2.83818027e+04   4.15213134e+05
    7.77161049e+05]]