[[  9.43726978e-01  -5.14746875e-01   9.79492025e-01  -7.67708112e-01
    1.17437442e+00   8.78537009e-01   6.95965764e-01  -3.82001111e-01
   -2.71469602e-01   1.49629796e+00   1.39486045e+00   1.07992062e-01
    2.14572923e+00]
 [  1.44845658e+00  -1.93816672e-01   7.01402806e-01  -6.53550772e-01
    1.86669121e+00   4.39268504e-01   2.90745523e-01  -2.98351233e-01
   -6.12838562e-01   3.76190248e-01   3.65097701e-01   1.14828257e+00
    2.09697497e+00]
 [ -3.70917568e-01  -1.05277692e+00  -4.10954067e-01  -6.82090107e-01
   -9.02575971e-01  -6.14975906e-01  -1.66444214e+00   2.12749524e+00
   -6.12838562e-01   5.75320507e-01  -1.08593162e+00  -1.92800507e+00
    5.41714019e-04]
 [ -3.59179671e-01   7.04787897e-02  -6.58144484e-01   3.16786619e-01
   -6.71803706e-01   3.51414803e-01   4.76133784e-02  -7.16600625e-01
   -6.61605556e-01  -1.14217798e+00  -3.83820660e-01  -4.06208674e-02
   -1.05580062e+00]
 [ -8.75647171e-01  -2.59890537e-01  -2.11038818e+00  -6.82090107e-01
    2.05130902e-02  -2.10848882e-01  -5.36916820e-02  -7.16600625e-01
   -3.69003590e-01  -4.95004636e-01   1.34805305e+00   2.26882406e-01
    1.95558761e-01]
 [ -5.70461830e-01   8.93570370e-02   2.37920776e-01   3.16786619e-01
    9.74371787e-02   3.68985544e-01  -1.14474718e-01  -4.74015977e-02
   -5.15304573e-01  -7.43917460e-01  -8.51894635e-01   8.51056710e-01
   -6.88518518e-01]
 [ -7.81743989e-01  -7.03529348e-01  -2.25561255e-01   8.30494649e-01
   -5.17955529e-01  -1.00153219e+00  -5.39955972e-01   7.05447308e-01
   -1.08912954e-01  -9.18156437e-01   1.62889743e+00  -8.13408102e-01
   -5.03252324e-01]
 [ -1.42732836e+00  -9.48946562e-01   9.79492025e-01   3.13932685e-02
   -2.10259175e-01   6.85258867e-01   7.06096270e-01  -4.65650990e-01
    1.40286387e+00  -8.18591307e-01  -1.02976275e-01   6.72721195e-01
    9.80502374e-02]
 [ -1.60339683e+00   1.30700398e+00  -1.73960256e+00  -1.11303407e-01
    7.89753974e-01   1.45837143e+00   3.61659065e-01  -8.83900381e-01
    3.17473133e+00  -6.94134895e-01  -1.08593162e+00   3.96301146e-03
   -2.85483288e-01]
 [  7.91134307e-01  -5.14746875e-01   7.01402806e-01   3.13932685e-02
   -5.64109982e-02   3.16273323e-01   3.92050583e-01  -5.49300868e-01
    5.36436938e-02  -3.85482993e-01   6.45942086e-01   1.50495360e+00
    6.34347116e-01]
 [  8.02872205e-01  -5.24185999e-01   8.24998015e-01  -2.54000082e-01
    1.02052624e+00   0.00000000e+00   3.11006535e-01  -4.65650990e-01
   -1.41424284e-01  -4.69615528e-02   5.52327291e-01   9.31307692e-02
    1.44691814e+00]
 [  9.55464875e-01   7.02900073e-01   5.46908796e-01  -1.33849481e+00
    1.48207077e+00   6.14975906e-01   8.17531837e-01  -1.46944953e+00
    5.36436938e-02   4.01081530e-01  -1.02976275e-01   8.21334124e-01
    6.34347116e-01]
 [  1.19022283e+00   1.66569068e+00  -9.26964061e-03  -1.11303407e-01
   -5.94879617e-01  -9.66390709e-01  -1.41117949e+00   1.12369670e+00
   -1.08912954e-01   2.34757981e+00  -1.92846478e+00  -1.73480827e+00
   -5.52006585e-01]
 [ -6.57322273e-02   1.01439115e+00  -1.24522172e+00  -1.11018013e+00
   -1.28719641e+00  -1.26509329e+00  -9.85698237e-01   7.05447308e-01
   -1.29557648e+00  -4.45222071e-01  -1.31996861e+00  -1.02146620e+00
   -9.03037270e-01]
 [ -4.76558648e-01  -7.03529348e-01  -5.96346879e-01   7.44876644e-01
    8.66678063e-01  -6.14975906e-01  -1.34735730e-01  -4.74015977e-02
   -2.76346301e-02  -1.11230844e+00   3.65097701e-01   2.26882406e-01
   -9.90794941e-01]
 [  2.39453114e-01  -1.37370712e+00  -2.07948938e+00  -1.11018013e+00
   -8.25651882e-01  -7.02829607e-01  -1.95518766e-01  -8.83900381e-01
   -2.71469602e-01   1.52168706e-01   9.73593868e-01  -4.86459656e-01
   -8.38031587e-01]
 [  1.23717442e+00  -4.39233886e-01   6.39605202e-01  -1.39557348e+00
    3.28209444e-01   1.58136662e+00   1.35444866e+00  -1.46944953e+00
    1.18666353e-01   5.65363994e-01  -4.77435455e-01   1.11855998e+00
    1.44691814e+00]
 [  1.09631965e+00  -7.79042337e-01   9.79492025e-01  -1.11303407e-01
    2.71285619e+00   1.05424441e+00   5.23747162e-01   1.29099646e+00
   -4.50281914e-01   5.50429225e-01   1.25443825e+00   2.86327578e-01
    1.90195792e+00]
 [ -1.48601785e+00  -2.88207908e-01   2.61712853e+00   2.45723674e+00
    1.71284304e+00   1.45837143e+00   2.89428557e+00   1.04004682e+00
    3.95012654e-01   8.49124614e-01  -2.43398467e-01   1.31175679e+00
   -6.00760847e-01]
 [  2.25837152e+00  -5.90259864e-01   2.16291614e-02  -2.42298954e+00
   -4.41031440e-01   1.31780551e+00   1.48614523e+00   7.05447308e-01
    1.92304514e+00   5.50429225e-01   1.25443825e+00  -1.14927332e-01
    1.62568377e+00]
 [ -1.12214302e+00   1.84503403e+00   2.16291614e-02   3.16786619e-01
   -1.13334824e+00   8.96107749e-01   8.17531837e-01  -1.13485002e+00
    2.08560179e+00  -7.43917460e-01  -1.08593162e+00   1.23745033e+00
   -8.77034997e-01]
 [ -7.04273864e-03   9.57756410e-01  -2.56460057e-01  -1.11303407e-01
   -6.71803706e-01  -1.52865439e+00  -1.58339809e+00   4.54497672e-01
   -1.06799718e+00   2.96986187e+00  -1.22635381e+00  -1.57133404e+00
    1.14301658e-01]
 [ -8.75647171e-01  -9.11190067e-01   3.61515984e-01   7.44876644e-01
   -9.79500059e-01   3.68985544e-01   6.78743904e-02   7.05447308e-01
   -9.54207522e-01  -6.94134895e-01  -2.43398467e-01   5.68692144e-01
   -8.60783576e-01]
 [ -1.87806364e-02  -4.27906938e-02   5.25279635e-02   1.17296667e+00
    9.74371787e-02  -2.10848882e+00  -1.14778633e+00  -6.32950746e-01
   -1.29557648e+00   6.99776919e-01  -1.50719820e+00  -2.15092447e+00
   -2.91983856e-01]
 [ -9.69550353e-01  -7.97920584e-01   1.14325568e-01   6.02179969e-01
   -8.25651882e-01  -1.58136662e+00  -9.85698237e-01   1.29099646e+00
    4.87669943e-03  -3.45656942e-01   3.18290303e-01  -2.33817676e-01
   -6.49515109e-01]
 [  7.79396409e-01  -6.56333729e-01  -4.41852869e-01   1.17296667e+00
   -7.48727794e-01  -8.25824788e-01  -3.87998381e-01  -6.32950746e-01
   -9.70463187e-01  -2.75961351e-01  -9.36147950e-03  -4.06208674e-02
   -5.78008858e-01]
 [ -3.47441773e-01   2.97772887e+00   7.94099213e-01   1.45836002e+00
   -5.64109982e-02  -9.83961450e-01  -1.64418113e+00   2.37844487e+00
   -8.56673534e-01   3.51298966e-01  -7.58279840e-01  -1.66050180e+00
   -4.38246641e-01]
 [  1.21369863e+00  -7.97920584e-01   8.86795619e-01   1.45836002e+00
   -8.25651882e-01   1.05424441e+00   6.45313234e-01  -1.13485002e+00
    3.95012654e-01  -4.55178584e-01   1.76931963e+00   5.24108265e-01
   -7.79526473e-01]
 [ -6.29151318e-01   4.48043735e-01  -5.03650473e-01  -5.39393432e-01
   -6.71803706e-01   1.75707402e-01   2.73523663e-02  -8.00250503e-01
    5.90080631e-01  -1.06750413e+00   7.86364278e-01   7.32166367e-01
   -1.16956057e+00]
 [ -9.69550353e-01   1.01439115e+00  -1.18342412e+00  -2.54000082e-01
   -7.48727794e-01  -6.14975906e-01  -5.90608502e-01   2.03548037e-01
    3.95012654e-01  -1.50061245e+00  -2.43398467e-01   3.60634043e-01
   -2.78982720e-01]]