[[ 1.20687757  0.78822214]
 [ 1.2071941   0.78867645]
 [ 1.20713984  0.78859855]
 [ 1.20713981  0.78859859]
 [ 1.20709551  0.78853497]
 [ 1.20709551  0.78853497]
 [ 1.20710136  0.7885434 ]
 [ 1.20696441  0.78834697]
 [ 1.2072154   0.78870719]
 [ 1.20717492  0.78864905]
 [ 1.20718525  0.78866388]
 [ 1.20709843  0.78853936]
 [ 1.20717577  0.78865021]
 [ 1.20715059  0.78861388]
 [ 1.20720857  0.78869723]
 [ 1.20710802  0.78855272]
 [ 1.20720844  0.78869704]
 [ 1.20717297  0.78864601]
 [ 1.20720881  0.78869761]
 [ 1.20719294  0.78867482]
 [ 1.20714396  0.78860436]
 [ 1.20720881  0.78869761]
 [ 1.20720857  0.78869723]
 [ 1.20716337  0.78863232]
 [ 1.20710276  0.78854525]
 [ 1.20708938  0.78852601]
 [ 1.20711361  0.78856028]
 [ 1.20697059  0.78835568]
 [ 1.2062715   0.78735152]
 [ 1.20714159  0.78860117]
 [ 1.20699109  0.78838501]
 [ 1.20604999  0.78703338]
 [ 1.20719799  0.78868221]
 [ 1.20719789  0.78868232]
 [ 1.20719798  0.78868221]
 [ 1.20680264  0.78811425]
 [ 1.20697543  0.7883623 ]
 [ 1.20705608  0.78847792]
 [ 1.2071982   0.78868193]
 [ 1.20719217  0.78867303]
 [ 1.20719217  0.78867303]
 [ 1.20684989  0.78818242]
 [ 1.20619739  0.78724484]
 [ 1.20710093  0.78854257]
 [ 1.20596366  0.7869091 ]
 [ 1.20720654  0.78869394]
 [ 1.20694023  0.7883123 ]
 [ 1.20719585  0.78867871]
 [ 1.2060907   0.78709138]
 [ 1.20709295  0.78853079]
 [ 1.20450036  0.78480734]
 [ 1.20713743  0.78859472]
 [ 1.20715955  0.78862648]
 [ 1.20715955  0.78862649]
 [ 1.20711728  0.78856614]
 [ 1.20703614  0.7884496 ]
 [ 1.20711729  0.78856613]
 [ 1.20721409  0.78870557]
 [ 1.20707966  0.78851214]
 [ 1.20714557  0.78860681]
 [ 1.20666629  0.78791844]
 [ 1.20699502  0.78839056]
 [ 1.20719524  0.7886781 ]
 [ 1.20666646  0.78791823]
 [ 1.20709061  0.78852738]
 [ 1.20709355  0.78853211]
 [ 1.20711936  0.78856919]
 [ 1.206995    0.78839058]
 [ 1.20709005  0.78852706]
 [ 1.2072057   0.78869311]
 [ 1.20708714  0.78852283]
 [ 1.20709045  0.78852759]
 [ 1.20720568  0.78869313]
 [ 1.20694064  0.78831281]
 [ 1.20709007  0.78852703]
 [ 1.20720621  0.78869385]
 [ 1.20709045  0.78852759]
 [ 1.20709753  0.78853792]
 [ 1.20708709  0.78852289]
 [ 1.2070977   0.78853771]
 [ 1.20708725  0.78852268]
 [ 1.20708529  0.78851982]
 [ 1.20707873  0.78851039]
 [ 1.20720634  0.78869368]
 [ 1.20719537  0.78867794]
 [ 1.20720583  0.78869294]
 [ 1.20694069  0.78831276]
 [ 1.20700694  0.78840784]
 [ 1.20709578  0.78853566]
 [ 1.20709877  0.78853962]
 [ 1.20709755  0.78853789]
 [ 1.20720566  0.78869316]
 [ 1.2070724   0.7885017 ]
 [ 1.20709042  0.78852763]
 [ 1.20711465  0.78856189]
 [ 1.20720422  0.7886905 ]
 [ 1.20479497  0.7852305 ]
 [ 1.2072071   0.78869547]
 [ 1.2070992   0.78854046]
 [ 1.20668885  0.78795034]
 [ 1.20720558  0.78869257]
 [ 1.20638517  0.7875142 ]
 [ 1.20713137  0.78858585]
 [ 1.20697239  0.78835771]
 [ 1.20719155  0.78867313]
 [ 1.2063747   0.78749973]
 [ 1.20720057  0.78868583]
 [ 1.20714207  0.78860176]
 [ 1.20665326  0.78789979]
 [ 1.20703912  0.78845392]
 [ 1.20714207  0.78860176]
 [ 1.20690851  0.78826633]
 [ 1.20665324  0.78789983]
 [ 1.20694245  0.78831517]
 [ 1.20714206  0.78860178]
 [ 1.2071059   0.78854989]
 [ 1.20630111  0.78739378]
 [ 1.20447598  0.78477241]
 [ 1.20698763  0.78837958]
 [ 1.20447585  0.78477258]
 [ 1.20663123  0.78786791]
 [ 1.20696823  0.78835247]
 [ 1.20719718  0.78868098]
 [ 1.20662332  0.7878564 ]
 [ 1.20696842  0.78835223]
 [ 1.2069682   0.7883525 ]
 [ 1.20720839  0.78869711]
 [ 1.20447598  0.78477241]
 [ 1.20667334  0.78792881]
 [ 1.20698742  0.78837985]
 [ 1.20667334  0.78792881]
 [ 1.20683032  0.78815414]
 [ 1.20607769  0.78707307]
 [ 1.20689079  0.78824054]
 [ 1.20700119  0.78839944]
 [ 1.20715473  0.78861966]
 [ 1.20682154  0.78814098]
 [ 1.20650063  0.78767997]
 [ 1.20688099  0.78822624]
 [ 1.20657189  0.78778233]
 [ 1.20704604  0.78846358]
 [ 1.207195    0.7886779 ]
 [ 1.20719498  0.78867792]
 [ 1.20622795  0.787289  ]
 [ 1.20248887  0.78191877]
 [ 1.20709251  0.78853032]
 [ 1.20683575  0.78816191]
 [ 1.20709235  0.78853052]
 [ 1.20690421  0.78825971]
 [ 1.2055985   0.78638459]
 [ 1.20710572  0.78854909]
 [ 1.20711553  0.78856319]
 [ 1.20701758  0.78842331]
 [ 1.20712021  0.78857036]
 [ 1.20698296  0.78837326]
 [ 1.20711708  0.78856587]
 [ 1.2071155   0.78856323]
 [ 1.2055985   0.78638459]
 [ 1.20716726  0.78863756]
 [ 1.20712033  0.78857021]
 [ 1.20711809  0.78856701]
 [ 1.20711801  0.78856711]
 [ 1.20711707  0.78856572]
 [ 1.20713046  0.78858511]
 [ 1.20711588  0.78856413]
 [ 1.2071198   0.78856984]
 [ 1.20565873  0.78647146]
 [ 1.20711798  0.78856715]
 [ 1.20711983  0.78856981]
 [ 1.20711547  0.78856361]
 [ 1.20711536  0.7885634 ]
 [ 1.207118    0.78856712]
 [ 1.20711711  0.78856584]
 [ 1.20715449  0.78861946]
 [ 1.20701758  0.78842331]
 [ 1.20711555  0.78856368]
 [ 1.20565873  0.78647146]
 [ 1.20711552  0.78856355]
 [ 1.20711574  0.78856344]
 [ 1.20711817  0.78856691]
 [ 1.20695851  0.7883379 ]
 [ 1.20711727  0.78856564]
 [ 1.20711814  0.78856694]
 [ 1.20559836  0.78638476]
 [ 1.20711714  0.78856563]
 [ 1.20693966  0.78831078]
 [ 1.20711995  0.78856965]
 [ 1.2071156   0.78856344]
 [ 1.20711813  0.78856695]
 [ 1.20565873  0.78647146]
 [ 1.20711549  0.78856358]
 [ 1.20711981  0.78856983]
 [ 1.20713044  0.78858513]
 [ 1.20711556  0.78856367]
 [ 1.20711549  0.78856359]
 [ 1.20711536  0.7885634 ]
 [ 1.20711558  0.78856364]
 [ 1.20713044  0.78858513]
 [ 1.20711981  0.78856983]
 [ 1.2071544   0.78861956]
 [ 1.20712018  0.7885704 ]
 [ 1.20711705  0.78856592]
 [ 1.20711551  0.78856356]
 [ 1.20701755  0.78842335]
 [ 1.20696853  0.78835277]
 [ 1.2056587   0.7864715 ]
 [ 1.30450366  0.54563047]
 [ 1.30450057  0.54563457]
 [ 1.304502    0.54564121]
 [ 1.40180324  0.30260271]
 [ 1.30449857  0.54563695]
 [ 1.30449904  0.54563669]
 [ 1.30450217  0.545641  ]
 [ 2.48683037  1.02747073]
 [ 2.48683037  1.02747074]
 [ 1.30450003  0.54563526]
 [ 1.30450049  0.54563503]
 [ 2.48683037  1.02747074]
 [ 1.30450013  0.545636  ]
 [ 2.48683037  1.02747073]
 [ 1.30450565  0.5456364 ]
 [ 1.59639745 -0.18349363]
 [ 1.30450027  0.54563495]
 [ 1.3045017   0.54564194]
 [ 2.48683037  1.02747073]
 [ 1.30449862  0.54563671]
 [ 2.48683037  1.02747073]
 [ 1.59639732 -0.18349382]
 [ 1.20713485  0.78859144]
 [ 1.2064039   0.78754131]
 [ 1.20638435  0.78751387]
 [ 1.20640378  0.78754146]
 [ 1.20713499  0.78859127]
 [ 1.20714695  0.78860851]
 [ 1.20714697  0.78860848]
 [ 1.20646725  0.7876325 ]
 [ 1.2070637   0.78848929]
 [ 1.20640377  0.78754148]
 [ 1.2070639   0.78848903]
 [ 1.2064673   0.78763243]
 [ 1.20696071  0.78834167]
 [ 1.20646711  0.78763267]
 [ 1.20646724  0.7876325 ]
 [ 1.20640376  0.78754148]
 [ 1.20706371  0.78848927]
 [ 1.20640397  0.78754122]
 [ 1.20696092  0.78834139]
 [ 1.20713497  0.78859129]
 [ 1.20698859  0.78838112]
 [ 1.20706369  0.78848929]
 [ 1.20646725  0.7876325 ]
 [ 1.20640378  0.78754146]
 [ 1.20640373  0.78754152]
 [ 1.20638432  0.7875139 ]
 [ 1.20713482  0.78859148]
 [ 1.20713499  0.78859127]
 [ 1.20714681  0.78860867]
 [ 1.20707886  0.78851075]
 [ 1.20706383  0.78848912]
 [ 1.20713497  0.78859129]
 [ 1.20707872  0.78851092]
 [ 1.20696071  0.78834167]
 [ 1.20706366  0.78848933]
 [ 1.20714697  0.78860848]
 [ 1.20707568  0.78850615]
 [ 1.20687176  0.78821313]
 [ 1.20709865  0.78853926]
 [ 1.20718691  0.78866574]
 [ 1.20713044  0.78858462]
 [ 1.20718978  0.78866985]
 [ 1.206705    0.78797399]
 [ 1.20720735  0.78869515]
 [ 1.20713551  0.78859181]
 [ 1.20713445  0.78859023]
 [ 1.20720735  0.78869515]
 [ 1.20713437  0.78859032]
 [ 1.20702052  0.78842682]
 [ 1.20713194  0.78858719]
 [ 1.20715451  0.78861925]
 [ 1.20702039  0.78842699]
 [ 1.20713529  0.78859208]
 [ 1.20713191  0.78858723]
 [ 1.20713434  0.78859071]
 [ 1.20688847  0.78823761]
 [ 1.20713191  0.78858723]
 [ 1.20720437  0.78869135]
 [ 1.20688849  0.78823759]
 [ 1.20713546  0.78859187]
 [ 1.20713437  0.78859032]
 [ 1.2071308   0.7885852 ]
 [ 1.20713452  0.78859047]
 [ 1.20713067  0.78858501]
 [ 1.20670088  0.787968  ]
 [ 1.20715435  0.78861894]
 [ 1.20720735  0.78869516]
 [ 1.20711652  0.7885647 ]
 [ 1.20713283  0.78858813]
 [ 1.20712448  0.78857614]
 [ 1.20698746  0.78837928]
 [ 1.20713084  0.78858514]
 [ 1.206705    0.78797399]
 [ 1.20715452  0.78861925]
 [ 1.2071308   0.78858519]
 [ 1.20670483  0.7879742 ]
 [ 1.20720719  0.78869536]
 [ 1.20688864  0.7882374 ]
 [ 1.20713206  0.78858704]
 [ 1.20670483  0.7879742 ]
 [ 1.20713529  0.78859208]
 [ 1.20635462  0.78747089]
 [ 1.20630979  0.78740656]
 [ 1.20709944  0.78854067]
 [ 1.20688743  0.78823635]
 [ 1.20245635  0.78187226]
 [ 1.2069097   0.78826827]
 [ 1.20245637  0.78187224]
 [ 1.20716095  0.7886285 ]
 [ 1.20707472  0.78850461]
 [ 1.20681673  0.78813432]
 [ 1.20679007  0.78809573]
 [ 1.20717217  0.78864479]
 [ 1.20716694  0.78863728]
 [ 1.20700555  0.78840581]
 [ 1.20721086  0.7887007 ]
 [ 1.2072079   0.78869635]
 [ 1.2071249   0.78857717]
 [ 1.20711261  0.78855948]
 [ 1.20721091  0.78870064]
 [ 1.20721092  0.78870063]
 [ 1.20719234  0.78867437]
 [ 1.19925625  0.77727588]
 [ 1.20599096  0.78694844]
 [ 1.20672218  0.78799823]
 [ 1.20711574  0.78856344]
 [ 1.20700027  0.78839838]
 [ 1.20691293  0.78827296]
 [ 1.20709065  0.78852786]
 [ 1.20713144  0.78858645]
 [ 1.20672202  0.78799843]
 [ 1.20719807  0.78868227]
 [ 1.20720208  0.78868805]
 [ 1.20717606  0.78865072]
 [ 1.20715466  0.78861958]
 [ 1.20718412  0.78866187]
 [ 1.20718186  0.78865836]
 [ 1.20715005  0.78861267]
 [ 1.20721691  0.78870924]
 [ 1.2069416   0.78831332]
 [ 1.20635531  0.7874714 ]
 [ 1.20683764  0.78816451]
 [ 1.20707573  0.7885061 ]
 [ 1.20711994  0.78856932]
 [ 1.20330632  0.78309228]
 [ 1.20702717  0.78843666]
 [ 1.20704162  0.78845781]
 [ 1.20720125  0.78868686]
 [ 1.20330612  0.78309253]
 [ 1.20712126  0.78857178]
 [ 1.20719121  0.78867201]
 [ 1.20718623  0.7886647 ]
 [ 1.2069833   0.78837317]
 [ 1.20709855  0.7885387 ]
 [ 1.20712685  0.78857935]
 [ 1.20709088  0.78852825]
 [ 1.2070272   0.78843714]
 [ 1.20709742  0.78853771]
 [ 1.20711978  0.78856952]
 [ 1.20702032  0.78842656]
 [ 1.20719863  0.7886826 ]
 [ 1.20714182  0.78860104]
 [ 1.20714922  0.78861201]
 [ 1.20720888  0.7886977 ]
 [ 1.20717655  0.78865129]
 [ 1.20643227  0.78758204]
 [ 1.20719081  0.78867131]
 [ 1.20712986  0.7885838 ]
 [ 1.20720277  0.78868855]
 [ 1.20720334  0.78868938]
 [ 1.20720276  0.78868856]
 [ 1.2071544   0.78861957]
 [ 1.20711902  0.78856876]
 [ 1.20712448  0.78857649]
 [ 1.20682051  0.78814022]
 [ 1.20720415  0.78869093]
 [ 1.20690804  0.78826572]
 [ 1.20690823  0.78826548]
 [ 1.20710277  0.78854506]
 [ 1.20709895  0.78853957]
 [ 1.20712556  0.78857771]
 [ 1.20713873  0.78859651]
 [ 1.20721006  0.78869896]
 [ 1.20714432  0.78860442]
 [ 1.20468344  0.78507061]
 [ 1.20715589  0.7886213 ]
 [ 1.20713171  0.78858645]
 [ 1.2071392   0.7885973 ]
 [ 1.2071769   0.78865154]
 [ 1.2071769   0.78865154]
 [ 1.20717663  0.78865136]
 [ 1.20717695  0.78865147]
 [ 1.69350773 -0.42681766]
 [ 1.69352032 -0.4268007 ]
 [ 1.69361101 -0.42666315]
 [ 1.6935452  -0.4267576 ]
 [ 2.1825193  -0.17107839]
 [ 2.1825193  -0.17107839]
 [ 4.05831917  0.53705874]
 [ 4.05831917  0.53705874]
 [ 4.05831917  0.53705874]
 [ 4.05831917  0.53705874]
 [ 4.05831917  0.53705874]
 [ 4.05831917  0.53705874]
 [ 4.05831917  0.53705874]
 [ 4.05831917  0.53705874]
 [ 4.05831917  0.53705874]
 [ 4.05831917  0.53705874]
 [ 4.05831917  0.53705874]
 [ 4.05831917  0.53705874]
 [ 4.05831917  0.53705874]
 [ 4.05831917  0.53705874]
 [ 4.05831917  0.53705874]
 [ 4.05831917  0.53705874]
 [ 4.05831917  0.53705874]
 [ 4.05831917  0.53705874]
 [ 4.05831917  0.53705874]
 [ 4.05831917  0.53705874]
 [ 4.05831917  0.53705874]
 [ 4.05831917  0.53705874]
 [ 4.05831917  0.53705874]
 [ 4.05831917  0.53705874]
 [ 4.05831917  0.53705874]
 [ 4.05831917  0.53705874]
 [ 4.05831917  0.53705874]
 [ 4.05831917  0.53705874]
 [ 4.05831917  0.53705874]
 [ 4.05831917  0.53705874]
 [ 4.05831917  0.53705874]
 [ 4.05831917  0.53705874]
 [ 4.05831917  0.53705874]
 [ 4.05831917  0.53705874]
 [ 4.05831917  0.53705874]
 [ 4.05831917  0.53705874]
 [ 4.05831917  0.53705874]
 [ 4.05831917  0.53705874]
 [ 4.05831917  0.53705874]
 [ 4.05831917  0.53705874]
 [ 4.05831917  0.53705874]
 [ 4.05831917  0.53705874]
 [ 4.05831917  0.53705874]
 [ 4.05831917  0.53705874]
 [ 4.05831917  0.53705874]
 [ 4.05831917  0.53705874]
 [ 4.05831917  0.53705874]
 [ 4.05831917  0.53705874]
 [ 4.05831917  0.53705874]
 [ 4.05831917  0.53705874]
 [ 4.05831917  0.53705874]
 [ 4.05831917  0.53705874]
 [ 4.05831917  0.53705874]
 [ 4.05831917  0.53705874]
 [ 4.05831917  0.53705874]
 [ 4.05831917  0.53705874]
 [ 4.05831917  0.53705874]
 [ 4.05831917  0.53705874]
 [ 4.05831917  0.53705874]
 [ 4.05831917  0.53705874]
 [ 4.05831917  0.53705874]
 [ 4.05831917  0.53705874]
 [ 4.05831917  0.53705874]
 [ 4.05831917  0.53705874]
 [ 4.05831917  0.53705874]
 [ 4.05831917  0.53705874]
 [ 4.05831917  0.53705874]
 [ 4.05831917  0.53705874]
 [ 4.05831917  0.53705874]
 [ 4.05831917  0.53705874]
 [ 4.05831917  0.53705874]
 [ 4.05831917  0.53705874]
 [ 4.05831917  0.53705874]
 [ 4.05831917  0.53705874]
 [ 4.05831917  0.53705874]
 [ 4.05831917  0.53705874]
 [ 4.05831917  0.53705874]
 [ 4.05831917  0.53705874]
 [ 4.05831917  0.53705874]
 [ 4.05831917  0.53705874]
 [ 4.05831917  0.53705874]
 [ 4.05831917  0.53705874]
 [ 4.05831917  0.53705874]
 [ 4.05831917  0.53705874]
 [ 4.05831917  0.53705874]
 [ 4.05831917  0.53705874]
 [ 4.05831917  0.53705874]
 [ 4.05831917  0.53705874]
 [ 4.05831917  0.53705874]
 [ 4.05831917  0.53705874]
 [ 4.05831917  0.53705874]
 [ 4.05831917  0.53705874]
 [ 4.05831917  0.53705874]
 [ 4.05831917  0.53705874]
 [ 4.05831917  0.53705874]
 [ 4.05831917  0.53705874]
 [ 4.05831917  0.53705874]
 [ 4.05831917  0.53705874]
 [ 4.05831917  0.53705874]
 [ 4.05831917  0.53705874]
 [ 4.05831917  0.53705874]
 [ 4.05831917  0.53705874]
 [ 4.05831917  0.53705874]
 [ 4.05831917  0.53705874]
 [ 4.05831917  0.53705874]
 [ 4.05831917  0.53705874]
 [ 4.05831917  0.53705874]
 [ 4.05831917  0.53705874]
 [ 4.05831917  0.53705874]
 [ 4.05831917  0.53705874]
 [ 4.05831917  0.53705874]
 [ 4.05831917  0.53705874]
 [ 4.05831917  0.53705874]
 [ 4.05831917  0.53705874]
 [ 4.05831917  0.53705874]
 [ 4.05831917  0.53705874]
 [ 4.05831917  0.53705874]
 [ 4.05831917  0.53705874]
 [ 4.05831917  0.53705874]
 [ 4.05831917  0.53705874]
 [ 4.05831917  0.53705874]
 [ 4.05831917  0.53705874]
 [ 4.05831917  0.53705874]
 [ 4.05831917  0.53705874]
 [ 4.05831917  0.53705874]
 [ 4.05831917  0.53705874]
 [ 4.05831917  0.53705874]
 [ 4.05831917  0.53705874]
 [ 4.05831917  0.53705874]
 [ 4.05831917  0.53705874]
 [ 4.05831917  0.53705874]
 [ 4.05831917  0.53705874]
 [ 4.05831917  0.53705874]
 [ 4.05831917  0.53705874]
 [ 4.05831917  0.53705874]
 [ 4.05831917  0.53705874]
 [ 4.05831917  0.53705874]
 [ 4.05831917  0.53705874]
 [ 4.05831917  0.53705874]
 [ 4.05831917  0.53705874]
 [ 4.05831917  0.53705874]
 [ 4.05831917  0.53705874]
 [ 4.05831917  0.53705874]
 [ 4.05831917  0.53705874]
 [ 4.05831917  0.53705874]
 [ 4.05831917  0.53705874]
 [ 4.05831917  0.53705874]
 [ 4.05831917  0.53705874]
 [ 4.05831917  0.53705874]
 [ 4.05831917  0.53705874]
 [ 4.05831917  0.53705874]
 [ 4.05831917  0.53705874]
 [ 4.05831917  0.53705874]
 [ 4.05831917  0.53705874]
 [ 4.05831917  0.53705874]
 [ 4.05831917  0.53705874]
 [ 4.05831917  0.53705874]
 [ 4.05831917  0.53705874]
 [ 4.05831917  0.53705874]
 [ 4.05831917  0.53705874]
 [ 4.05831917  0.53705874]
 [ 4.05831917  0.53705874]
 [ 4.05831917  0.53705874]
 [ 4.05831917  0.53705874]
 [ 4.05831917  0.53705874]
 [ 4.05831917  0.53705874]
 [ 4.05831917  0.53705874]
 [ 4.05831917  0.53705874]
 [ 4.05831917  0.53705874]
 [ 4.05831917  0.53705874]
 [ 4.05831917  0.53705874]
 [ 4.05831917  0.53705874]
 [ 4.05831917  0.53705874]
 [ 4.05831917  0.53705874]
 [ 4.05831917  0.53705874]
 [ 4.05831917  0.53705874]
 [ 4.05831917  0.53705874]
 [ 4.05831917  0.53705874]
 [ 4.05831917  0.53705874]
 [ 4.05831917  0.53705874]
 [ 4.05831917  0.53705874]
 [ 4.05831917  0.53705874]
 [ 4.05831917  0.53705874]
 [ 4.05831917  0.53705874]
 [ 4.05831917  0.53705874]
 [ 4.05831917  0.53705874]
 [ 4.05831917  0.53705874]
 [ 4.05831917  0.53705874]
 [ 4.05831917  0.53705874]
 [ 4.05831917  0.53705874]
 [ 4.05831917  0.53705874]
 [ 4.05831917  0.53705874]
 [ 4.05831917  0.53705874]
 [ 4.05831917  0.53705874]
 [ 4.05831917  0.53705874]
 [ 4.05831917  0.53705874]
 [ 4.05831917  0.53705874]
 [ 4.05831917  0.53705874]
 [ 4.05831917  0.53705874]
 [ 4.05831917  0.53705874]
 [ 4.05831917  0.53705874]
 [ 4.05831917  0.53705874]
 [ 4.05831917  0.53705874]
 [ 4.05831917  0.53705874]
 [ 4.05831917  0.53705874]
 [ 4.05831917  0.53705874]
 [ 4.05831917  0.53705874]
 [ 4.05831917  0.53705874]
 [ 4.05831917  0.53705874]
 [ 4.05831917  0.53705874]
 [ 4.05831917  0.53705874]
 [ 4.05831917  0.53705874]
 [ 4.05831917  0.53705874]
 [ 4.05831917  0.53705874]
 [ 4.05831917  0.53705874]
 [ 4.05831917  0.53705874]
 [ 4.05831917  0.53705874]
 [ 4.05831917  0.53705874]
 [ 4.05831917  0.53705874]
 [ 4.05831917  0.53705874]
 [ 4.05831917  0.53705874]
 [ 4.05831917  0.53705874]
 [ 4.05831917  0.53705874]
 [ 4.05831917  0.53705874]
 [ 4.05831917  0.53705874]
 [ 4.05831917  0.53705874]
 [ 4.05831917  0.53705874]
 [ 4.05831917  0.53705874]
 [ 4.05831917  0.53705874]
 [ 4.05831917  0.53705874]
 [ 4.05831917  0.53705874]
 [ 4.05831917  0.53705874]
 [ 4.05831917  0.53705874]
 [ 4.05831917  0.53705874]
 [ 4.05831917  0.53705874]
 [ 4.05831917  0.53705874]
 [ 4.05831917  0.53705874]
 [ 4.05831917  0.53705874]
 [ 4.05831917  0.53705874]
 [ 4.05831917  0.53705874]
 [ 4.05831917  0.53705874]
 [ 4.05831917  0.53705874]
 [ 4.05831917  0.53705874]
 [ 4.05831917  0.53705874]
 [ 4.05831917  0.53705874]
 [ 4.05831917  0.53705874]
 [ 4.05831917  0.53705874]
 [ 4.05831917  0.53705874]
 [ 4.05831917  0.53705874]
 [ 4.05831917  0.53705874]
 [ 4.05831917  0.53705874]
 [ 4.05831917  0.53705874]
 [ 4.05831917  0.53705874]
 [ 4.05831917  0.53705874]
 [ 4.05831917  0.53705874]
 [ 4.05831917  0.53705874]
 [ 4.05831917  0.53705874]
 [ 4.05831917  0.53705874]
 [ 4.05831917  0.53705874]
 [ 4.05831917  0.53705874]
 [ 4.05831917  0.53705874]
 [ 4.05831917  0.53705874]
 [ 4.05831917  0.53705874]
 [ 4.05831917  0.53705874]
 [ 4.05831917  0.53705874]
 [ 4.05831917  0.53705874]
 [ 4.05831917  0.53705874]
 [ 4.05831917  0.53705874]
 [ 4.05831917  0.53705874]
 [ 4.05831917  0.53705874]
 [ 4.05831917  0.53705874]
 [ 4.05831917  0.53705874]
 [ 4.05831917  0.53705874]
 [ 4.05831917  0.53705874]
 [ 4.05831917  0.53705874]
 [ 4.05831917  0.53705874]
 [ 4.05831917  0.53705874]
 [ 4.05831917  0.53705874]
 [ 4.05831917  0.53705874]
 [ 4.05831917  0.53705874]
 [ 4.05831917  0.53705874]
 [ 4.05831917  0.53705874]
 [ 4.05831917  0.53705874]
 [ 4.05831917  0.53705874]
 [ 4.05831917  0.53705874]
 [ 4.05831917  0.53705874]
 [ 4.05831917  0.53705874]
 [ 4.05831917  0.53705874]
 [ 4.05831917  0.53705874]
 [ 4.05831917  0.53705874]
 [ 4.05831917  0.53705874]
 [ 4.05831917  0.53705874]
 [ 4.05831917  0.53705874]
 [ 4.05831917  0.53705874]
 [ 4.05831917  0.53705874]
 [ 4.05831917  0.53705874]
 [ 4.05831917  0.53705874]
 [ 4.05831917  0.53705874]
 [ 4.05831917  0.53705874]
 [ 4.05831917  0.53705874]
 [ 4.05831917  0.53705874]
 [ 4.05831917  0.53705874]
 [ 4.05831917  0.53705874]
 [ 4.05831917  0.53705874]
 [ 4.05831917  0.53705874]
 [ 4.05831917  0.53705874]
 [ 4.05831917  0.53705874]
 [ 4.05831917  0.53705874]
 [ 4.05831917  0.53705874]
 [ 4.05831917  0.53705874]
 [ 4.05831917  0.53705874]
 [ 4.05831917  0.53705874]
 [ 4.05831917  0.53705874]
 [ 4.05831917  0.53705874]
 [ 4.05831917  0.53705874]
 [ 4.05831917  0.53705874]
 [ 4.05831917  0.53705874]
 [ 4.05831917  0.53705874]
 [ 4.05831917  0.53705874]
 [ 4.05831917  0.53705874]
 [ 4.05831917  0.53705874]
 [ 4.05831917  0.53705874]
 [ 4.05831917  0.53705874]
 [ 4.05831917  0.53705874]
 [ 4.05831917  0.53705874]
 [ 4.05831917  0.53705874]
 [ 4.05831917  0.53705874]
 [ 4.05831917  0.53705874]
 [ 4.05831917  0.53705874]
 [ 4.05831917  0.53705874]
 [ 4.05831917  0.53705874]
 [ 4.05831917  0.53705874]
 [ 4.05831917  0.53705874]
 [ 4.05831917  0.53705874]
 [ 4.05831917  0.53705874]
 [ 4.05831917  0.53705874]
 [ 4.05831917  0.53705874]
 [ 4.05831917  0.53705874]
 [ 4.05831917  0.53705874]
 [ 4.05831917  0.53705874]
 [ 4.05831917  0.53705874]
 [ 4.05831917  0.53705874]
 [ 4.05831917  0.53705874]
 [ 4.05831917  0.53705874]
 [ 4.05831917  0.53705874]
 [ 4.05831917  0.53705874]
 [ 4.05831917  0.53705874]
 [ 4.05831917  0.53705874]
 [ 4.05831917  0.53705874]
 [ 4.05831917  0.53705874]
 [ 4.05831917  0.53705874]
 [ 4.05831917  0.53705874]
 [ 4.05831917  0.53705874]
 [ 4.05831917  0.53705874]
 [ 4.05831917  0.53705874]
 [ 4.05831917  0.53705874]
 [ 4.05831917  0.53705874]
 [ 4.05831917  0.53705874]
 [ 4.05831917  0.53705874]
 [ 4.05831917  0.53705874]
 [ 4.05831917  0.53705874]
 [ 4.05831917  0.53705874]
 [ 4.05831917  0.53705874]
 [ 4.05831917  0.53705874]
 [ 4.05831917  0.53705874]
 [ 4.05831917  0.53705874]
 [ 4.05831917  0.53705874]
 [ 4.05831917  0.53705874]
 [ 4.05831917  0.53705874]
 [ 4.05831917  0.53705874]
 [ 4.05831917  0.53705874]
 [ 4.05831917  0.53705874]
 [ 4.05831917  0.53705874]
 [ 4.05831917  0.53705874]
 [ 4.05831917  0.53705874]
 [ 4.05831917  0.53705874]
 [ 4.05831917  0.53705874]
 [ 4.05831917  0.53705874]
 [ 4.05831917  0.53705874]
 [ 4.05831917  0.53705874]
 [ 4.05831917  0.53705874]
 [ 4.05831917  0.53705874]
 [ 4.05831917  0.53705874]
 [ 4.05831917  0.53705874]
 [ 4.05831917  0.53705874]
 [ 4.05831917  0.53705874]
 [ 4.05831917  0.53705874]
 [ 4.05831917  0.53705874]
 [ 4.05831917  0.53705874]
 [ 4.05831917  0.53705874]
 [ 4.05831917  0.53705874]
 [ 4.05831917  0.53705874]
 [ 4.05831917  0.53705874]
 [ 4.05831917  0.53705874]
 [ 4.05831917  0.53705874]
 [ 4.05831917  0.53705874]
 [ 4.05831917  0.53705874]
 [ 4.05831917  0.53705874]
 [ 1.69367602 -0.4265689 ]
 [ 2.30471459 -0.10722883]
 [ 2.42692106 -0.04336258]
 [ 2.42692106 -0.04336258]
 [ 2.42692106 -0.04336258]
 [ 2.42692106 -0.04336258]
 [ 2.42692106 -0.04336258]
 [ 2.42692106 -0.04336258]
 [ 2.42692106 -0.04336258]
 [ 2.42692106 -0.04336258]
 [ 2.42692106 -0.04336258]
 [ 2.42692106 -0.04336258]
 [ 2.42692106 -0.04336258]
 [ 2.42692106 -0.04336258]
 [ 2.42692106 -0.04336258]
 [ 2.42692106 -0.04336258]
 [ 2.42692106 -0.04336258]
 [ 2.42692106 -0.04336258]
 [ 2.42692106 -0.04336258]
 [ 2.42692106 -0.04336258]
 [ 2.42692106 -0.04336258]
 [ 2.42692106 -0.04336258]
 [ 2.42692106 -0.04336258]
 [ 2.30471459 -0.10722883]
 [ 2.42692106 -0.04336258]
 [ 2.42692106 -0.04336258]
 [ 2.42692106 -0.04336258]
 [ 2.42692106 -0.04336258]
 [ 2.42692106 -0.04336258]
 [ 2.42692106 -0.04336258]
 [ 2.42692106 -0.04336258]
 [ 2.42692106 -0.04336258]
 [ 2.42692106 -0.04336258]
 [ 2.42692106 -0.04336258]
 [ 2.42692106 -0.04336258]
 [ 2.42692106 -0.04336258]
 [ 2.54912753  0.02050367]
 [ 2.54912753  0.02050367]
 [ 2.42692106 -0.04336258]
 [ 2.42692106 -0.04336258]
 [ 2.54912753  0.02050367]
 [ 2.54912753  0.02050367]
 [ 2.42692106 -0.04336258]
 [ 2.42692106 -0.04336258]
 [ 2.42692106 -0.04336258]
 [ 2.42692106 -0.04336258]
 [ 2.42692106 -0.04336258]
 [ 2.42692106 -0.04336258]
 [ 2.42692106 -0.04336258]
 [ 2.42692106 -0.04336258]
 [ 2.42692106 -0.04336258]
 [ 2.42692106 -0.04336258]
 [ 1.69356278 -0.42673163]
 [ 3.13290125 -1.43779752]
 [ 3.13290125 -1.43779752]
 [ 2.5218689  -1.75712876]
 [ 2.5218689  -1.75712876]
 [ 3.13290125 -1.43779752]
 [ 3.13290125 -1.43779752]
 [ 2.5218689  -1.75712876]
 [ 3.13290125 -1.43779752]
 [ 3.13290125 -1.43779752]
 [ 3.13290125 -1.43779752]
 [ 2.5218689  -1.75712876]
 [ 3.13290125 -1.43779752]
 [ 3.42478252 -2.16695645]
 [ 3.25510772 -1.37393127]
 [ 2.76628184 -1.62939626]
 [ 2.76628184 -1.62939626]
 [ 2.5218689  -1.75712876]
 [ 2.5218689  -1.75712876]
 [ 2.5218689  -1.75712876]
 [ 2.5218689  -1.75712876]
 [ 2.5218689  -1.75712876]
 [ 2.5218689  -1.75712876]
 [ 2.5218689  -1.75712876]
 [ 2.5218689  -1.75712876]
 [ 1.30451259  0.5456602 ]
 [ 2.5218689  -1.75712876]
 [ 2.5218689  -1.75712876]
 [ 2.5218689  -1.75712876]
 [ 2.5218689  -1.75712876]
 [ 2.5218689  -1.75712876]
 [ 2.5218689  -1.75712876]
 [ 2.5218689  -1.75712876]
 [ 2.66663073 -2.85707353]
 [ 2.5218689  -1.75712876]
 [ 3.00833768 -2.97239365]
 [ 2.5218689  -1.75712876]
 [ 2.81375017 -2.48628769]
 [ 3.10563144 -3.21544663]
 [ 2.5218689  -1.75712876]
 [ 2.5218689  -1.75712876]
 [ 2.5218689  -1.75712876]
 [ 2.5218689  -1.75712876]
 [ 2.5218689  -1.75712876]
 [ 2.5218689  -1.75712876]
 [ 2.5218689  -1.75712876]
 [ 2.52421751 -0.28641105]
 [ 2.5218689  -1.75712876]
 [ 2.5218689  -1.75712876]
 [ 2.5218689  -1.75712876]
 [ 2.5218689  -1.75712876]
 [ 3.2029252  -3.4584996 ]
 [ 2.5218689  -1.75712876]
 [ 2.5218689  -1.75712876]
 [ 2.66663073 -2.85707353]
 [ 2.5218689  -1.75712876]
 [ 3.00833768 -2.97239365]
 [ 2.5218689  -1.75712876]
 [ 2.81375017 -2.48628769]
 [ 3.10563144 -3.21544663]
 [ 2.71645641 -2.24323471]
 [ 2.5218689  -1.75712876]
 [ 2.5218689  -1.75712876]
 [ 2.5218689  -1.75712876]
 [ 2.5218689  -1.75712876]
 [ 3.30021896 -3.70155258]
 [ 1.45163757  0.916454  ]
 [ 2.5218689  -1.75712876]
 [ 3.88633763 -3.68914194]
 [ 2.5218689  -1.75712876]
 [ 3.49480647 -4.18765854]
 [ 2.5218689  -1.75712876]
 [ 2.5218689  -1.75712876]
 [ 2.5218689  -1.75712876]
 [ 2.5218689  -1.75712876]
 [ 2.5218689  -1.75712876]
 [ 2.5218689  -1.75712876]
 [ 2.5218689  -1.75712876]
 [ 2.5218689  -1.75712876]
 [ 2.5218689  -1.75712876]
 [ 1.40181215  0.30261555]
 [ 2.5218689  -1.75712876]
 [ 1.69369246 -0.42654476]
 [ 2.5218689  -1.75712876]
 [ 3.59210023 -4.43071152]
 [ 3.44498104 -4.80149699]
 [ 2.5218689  -1.75712876]
 [ 2.5218689  -1.75712876]
 [ 2.5218689  -1.75712876]
 [ 2.5218689  -1.75712876]
 [ 2.5218689  -1.75712876]
 [ 2.5218689  -1.75712876]
 [ 2.5218689  -1.75712876]
 [ 2.5218689  -1.75712876]
 [ 2.5218689  -1.75712876]
 [ 2.5218689  -1.75712876]
 [ 2.71645641 -2.24323471]
 [ 2.5218689  -1.75712876]
 [ 2.5218689  -1.75712876]
 [ 2.5218689  -1.75712876]
 [ 2.5218689  -1.75712876]
 [ 3.05580602 -3.82928508]
 [ 1.45163757  0.916454  ]
 [ 2.5218689  -1.75712876]
 [ 2.71645641 -2.24323471]
 [ 2.5218689  -1.75712876]
 [ 2.5218689  -1.75712876]
 [ 2.5218689  -1.75712876]
 [ 2.5218689  -1.75712876]
 [ 3.78903993 -3.44609464]
 [ 1.20722463  0.78872151]
 [ 2.5218689  -1.75712876]
 [ 1.79095864 -0.66963793]
 [ 3.53976064 -5.04816137]
 [ 3.63893133 -5.28852491]
 [ 2.47204461 -2.37096866]
 [ 2.47204316 -2.37096767]
 [ 1.69326884 -0.42716115]
 [ 2.48683031  1.0274708 ]
 [ 1.69368625 -0.42655395]
 [ 1.20670669  0.78797736]
 [ 2.76628184 -1.62939626]
 [ 2.76628184 -1.62939626]
 [ 3.25510772 -1.37393127]
 [ 2.76628184 -1.62939626]
 [ 2.76628184 -1.62939626]
 [ 3.42155555 -0.94857716]
 [ 2.76628184 -1.62939626]
 [ 2.76628184 -1.62939626]
 [ 3.25510772 -1.37393127]
 [ 3.25510772 -1.37393127]
 [ 2.76628184 -1.62939626]
 [ 2.76628184 -1.62939626]
 [ 3.25510772 -1.37393127]
 [ 3.25510772 -1.37393127]
 [ 3.25510772 -1.37393127]
 [ 3.25510772 -1.37393127]
 [ 3.25510772 -1.37393127]
 [ 3.25510772 -1.37393127]
 [ 2.76628184 -1.62939626]
 [ 2.1825193  -0.17107839]
 [ 2.76628184 -1.62939626]
 [ 4.22568819 -5.27519093]
 [ 2.76628184 -1.62939626]
 [ 3.86372976  1.02316711]
 [ 3.86372976  1.02316711]
 [ 3.86372976  1.02316711]
 [ 3.86372976  1.02316711]
 [ 3.86372976  1.02316711]
 [ 3.86372976  1.02316711]
 [ 3.86372976  1.02316711]
 [ 3.86372976  1.02316711]
 [ 3.86372976  1.02316711]
 [ 3.86372976  1.02316711]
 [ 3.86372976  1.02316711]
 [ 3.86372976  1.02316711]
 [ 3.86372976  1.02316711]
 [ 3.86372976  1.02316711]
 [ 3.86372976  1.02316711]
 [ 3.86372976  1.02316711]
 [ 3.86372976  1.02316711]
 [ 3.86372976  1.02316711]
 [ 3.86372976  1.02316711]
 [ 3.86372976  1.02316711]
 [ 3.86372976  1.02316711]
 [ 3.86372976  1.02316711]
 [ 3.86372976  1.02316711]
 [ 3.86372976  1.02316711]
 [ 3.86372976  1.02316711]
 [ 3.86372976  1.02316711]
 [ 3.86372976  1.02316711]
 [ 3.86372976  1.02316711]
 [ 3.86372976  1.02316711]
 [ 3.86372976  1.02316711]
 [ 3.86372976  1.02316711]
 [ 3.86372976  1.02316711]
 [ 3.86372976  1.02316711]
 [ 3.86372976  1.02316711]
 [ 3.86372976  1.02316711]
 [ 3.86372976  1.02316711]
 [ 3.86372976  1.02316711]
 [ 3.86372976  1.02316711]
 [ 3.86372976  1.02316711]
 [ 3.86372976  1.02316711]
 [ 3.86372976  1.02316711]
 [ 3.86372976  1.02316711]
 [ 3.86372976  1.02316711]
 [ 3.86372976  1.02316711]
 [ 3.86372976  1.02316711]
 [ 3.86372976  1.02316711]
 [ 3.86372976  1.02316711]
 [ 3.86372976  1.02316711]
 [ 3.86372976  1.02316711]
 [ 3.86372976  1.02316711]
 [ 3.86372976  1.02316711]
 [ 3.86372976  1.02316711]
 [ 3.86372976  1.02316711]
 [ 3.86372976  1.02316711]
 [ 3.86372976  1.02316711]
 [ 3.86372976  1.02316711]
 [ 3.86372976  1.02316711]
 [ 3.86372976  1.02316711]
 [ 3.86372976  1.02316711]
 [ 3.86372976  1.02316711]
 [ 3.86372976  1.02316711]
 [ 3.86372976  1.02316711]
 [ 3.86372976  1.02316711]
 [ 3.86372976  1.02316711]
 [ 3.86372976  1.02316711]
 [ 3.86372976  1.02316711]
 [ 3.86372976  1.02316711]
 [ 3.86372976  1.02316711]
 [ 3.86372976  1.02316711]
 [ 3.86372976  1.02316711]
 [ 3.86372976  1.02316711]
 [ 3.86372976  1.02316711]
 [ 3.86372976  1.02316711]
 [ 3.86372976  1.02316711]
 [ 3.86372976  1.02316711]
 [ 3.86372976  1.02316711]
 [ 3.86372976  1.02316711]
 [ 3.86372976  1.02316711]
 [ 3.86372976  1.02316711]
 [ 3.86372976  1.02316711]
 [ 3.86372976  1.02316711]
 [ 3.86372976  1.02316711]
 [ 3.86372976  1.02316711]
 [ 3.86372976  1.02316711]
 [ 3.86372976  1.02316711]
 [ 3.86372976  1.02316711]
 [ 3.86372976  1.02316711]
 [ 3.86372976  1.02316711]
 [ 3.86372976  1.02316711]
 [ 3.86372976  1.02316711]
 [ 3.86372976  1.02316711]
 [ 3.86372976  1.02316711]
 [ 3.86372976  1.02316711]
 [ 3.86372976  1.02316711]
 [ 3.86372976  1.02316711]
 [ 3.86372976  1.02316711]
 [ 3.86372976  1.02316711]
 [ 3.86372976  1.02316711]
 [ 3.86372976  1.02316711]
 [ 3.86372976  1.02316711]
 [ 3.86372976  1.02316711]
 [ 3.86372976  1.02316711]
 [ 3.86372976  1.02316711]
 [ 1.79095875 -0.66963771]
 [ 3.5421028  -5.0447978 ]
 [ 3.86372976  1.02316711]
 [ 3.49952066 -1.24619877]
 [ 3.49952066 -1.24619877]
 [ 2.91575811  0.2121191 ]
 [ 3.49952066 -1.24619877]
 [ 3.49952066 -1.24619877]
 [ 3.49952066 -1.24619877]
 [ 3.49952066 -1.24619877]
 [ 3.49952066 -1.24619877]
 [ 3.49952066 -1.24619877]
 [ 3.49952066 -1.24619877]
 [ 3.49952066 -1.24619877]
 [ 3.49952066 -1.24619877]
 [ 3.49952066 -1.24619877]
 [ 3.49952066 -1.24619877]
 [ 3.49952066 -1.24619877]
 [ 3.49952066 -1.24619877]
 [ 5.05622077 -5.13504642]
 [ 3.49952066 -1.24619877]
 [ 3.49952066 -1.24619877]
 [ 3.49952066 -1.24619877]
 [ 3.49952066 -1.24619877]
 [ 3.49952066 -1.24619877]
 [ 3.49952066 -1.24619877]
 [ 3.49952066 -1.24619877]
 [ 3.49952066 -1.24619877]
 [ 3.49952066 -1.24619877]
 [ 3.49952066 -1.24619877]
 [ 3.49952066 -1.24619877]
 [ 3.49952066 -1.24619877]
 [ 3.49952066 -1.24619877]
 [ 3.49952066 -1.24619877]
 [ 3.49952066 -1.24619877]
 [ 3.49952066 -1.24619877]
 [ 3.49952066 -1.24619877]
 [ 3.49952066 -1.24619877]
 [ 3.49952066 -1.24619877]
 [ 3.49952066 -1.24619877]
 [ 3.49952066 -1.24619877]
 [ 3.49952066 -1.24619877]
 [ 3.49952066 -1.24619877]
 [ 3.49952066 -1.24619877]
 [ 3.49952066 -1.24619877]
 [ 3.49952066 -1.24619877]
 [ 3.49952066 -1.24619877]
 [ 3.49952066 -1.24619877]
 [ 3.49952066 -1.24619877]
 [ 3.49952066 -1.24619877]
 [ 3.49952066 -1.24619877]
 [ 3.49952066 -1.24619877]
 [ 3.49952066 -1.24619877]
 [ 3.49952066 -1.24619877]
 [ 3.49952066 -1.24619877]
 [ 3.49952066 -1.24619877]
 [ 3.49952066 -1.24619877]
 [ 3.49952066 -1.24619877]
 [ 3.49952066 -1.24619877]
 [ 3.49952066 -1.24619877]
 [ 3.49952066 -1.24619877]
 [ 3.49952066 -1.24619877]
 [ 3.49952066 -1.24619877]
 [ 3.49952066 -1.24619877]
 [ 3.49952066 -1.24619877]
 [ 3.49952066 -1.24619877]
 [ 3.49952066 -1.24619877]
 [ 3.59681441 -1.48925175]
 [ 3.49952066 -1.24619877]
 [ 3.49952066 -1.24619877]
 [ 3.49952066 -1.24619877]
 [ 3.49952066 -1.24619877]
 [ 3.49952066 -1.24619877]
 [ 3.49952066 -1.24619877]
 [ 3.49952066 -1.24619877]
 [ 3.49952066 -1.24619877]
 [ 3.49952066 -1.24619877]
 [ 3.49952066 -1.24619877]
 [ 3.49952066 -1.24619877]
 [ 3.49952066 -1.24619877]
 [ 3.49952066 -1.24619877]
 [ 3.49952066 -1.24619877]
 [ 3.49952066 -1.24619877]
 [ 3.49952066 -1.24619877]
 [ 3.49952066 -1.24619877]
 [ 3.49952066 -1.24619877]
 [ 3.49952066 -1.24619877]
 [ 3.49952066 -1.24619877]
 [ 3.49952066 -1.24619877]
 [ 3.49952066 -1.24619877]
 [ 3.49952066 -1.24619877]
 [ 3.49952066 -1.24619877]
 [ 3.49952066 -1.24619877]
 [ 3.49952066 -1.24619877]
 [ 3.49952066 -1.24619877]
 [ 3.49952066 -1.24619877]
 [ 3.49952066 -1.24619877]
 [ 3.49952066 -1.24619877]
 [ 3.49952066 -1.24619877]
 [ 5.15351453 -5.3780994 ]
 [ 3.49952066 -1.24619877]
 [ 3.49952066 -1.24619877]
 [ 3.49952066 -1.24619877]
 [ 3.49952066 -1.24619877]
 [ 3.49952066 -1.24619877]
 [ 3.49952066 -1.24619877]
 [ 1.79096024 -0.66963564]
 [ 1.790967   -0.66962577]
 [ 3.86372976  1.02316711]
 [ 3.86372976  1.02316711]
 [ 3.86372976  1.02316711]
 [ 3.86372976  1.02316711]
 [ 3.86372976  1.02316711]
 [ 3.86372976  1.02316711]
 [ 3.86372976  1.02316711]
 [ 3.86372976  1.02316711]
 [ 3.86372976  1.02316711]
 [ 3.86372976  1.02316711]
 [ 3.86372976  1.02316711]
 [ 3.86372976  1.02316711]
 [ 3.86372976  1.02316711]
 [ 3.86372976  1.02316711]
 [ 3.86372976  1.02316711]
 [ 3.86372976  1.02316711]
 [ 3.86372976  1.02316711]
 [ 3.86372976  1.02316711]
 [ 3.86372976  1.02316711]
 [ 3.86372976  1.02316711]
 [ 3.86372976  1.02316711]
 [ 3.86372976  1.02316711]
 [ 3.86372976  1.02316711]
 [ 3.86372976  1.02316711]
 [ 3.86372976  1.02316711]
 [ 3.86372976  1.02316711]
 [ 3.86372976  1.02316711]
 [ 3.86372976  1.02316711]
 [ 3.86372976  1.02316711]
 [ 3.86372976  1.02316711]
 [ 3.86372976  1.02316711]
 [ 3.86372976  1.02316711]
 [ 3.86372976  1.02316711]
 [ 3.86372976  1.02316711]
 [ 3.86372976  1.02316711]
 [ 3.86372976  1.02316711]
 [ 3.86372976  1.02316711]
 [ 3.86372976  1.02316711]
 [ 3.86372976  1.02316711]
 [ 3.86372976  1.02316711]
 [ 3.86372976  1.02316711]
 [ 3.86372976  1.02316711]
 [ 3.86372976  1.02316711]
 [ 3.86372976  1.02316711]
 [ 3.86372976  1.02316711]
 [ 3.86372976  1.02316711]
 [ 3.86372976  1.02316711]
 [ 3.86372976  1.02316711]
 [ 3.86372976  1.02316711]
 [ 3.86372976  1.02316711]
 [ 3.86372976  1.02316711]
 [ 3.86372976  1.02316711]
 [ 3.86372976  1.02316711]
 [ 3.86372976  1.02316711]
 [ 3.86372976  1.02316711]
 [ 3.86372976  1.02316711]
 [ 3.86372976  1.02316711]
 [ 2.47204508 -2.37096925]
 [ 2.44221369 -2.41380932]
 [ 2.40906505 -2.46141803]
 [ 2.47204473 -2.3709688 ]
 [ 2.47204316 -2.37096767]
 [ 1.79097468 -0.66961448]
 [ 1.69311191 -0.42738138]
 [ 1.79082633 -0.66983214]
 [ 4.86163325 -4.64894046]
 [ 4.86163325 -4.64894046]
 [ 3.63956856 -5.28760295]
 [ 3.63956856 -5.28760295]
 [ 3.63956071 -5.28762092]
 [ 4.12839444 -5.03213796]
 [ 4.86163325 -4.64894046]
 [ 4.86163325 -4.64894046]
 [ 3.63956856 -5.28760295]
 [ 3.63956856 -5.28760295]
 [ 3.72039659 -5.28317269]
 [ 2.47158573 -2.37162463]
 [ 2.47198942 -2.37104484]
 [ 2.14354536 -2.84276249]
 [ 2.14341737 -2.84294633]
 [ 2.14367763 -2.84257253]
 [ 2.14371263 -2.84252227]
 [ 2.14371346 -2.84252108]
 [ 2.14371001 -2.84252602]
 [ 2.14371671 -2.84251641]
 [ 2.14371231 -2.84252273]
 [ 2.14371556 -2.84251806]
 [ 2.14352554 -2.84279097]
 [ 2.14369905 -2.84254177]
 [ 2.14379568 -2.84240298]
 [ 2.14370612 -2.84253161]
 [ 2.14369236 -2.84255138]
 [ 2.14375444 -2.84246221]
 [ 2.39815871 -2.47708192]
 [ 1.20670669  0.78797736]
 [ 1.69340764 -0.42696551]
 [ 1.69349904 -0.42683042]
 [ 1.69312819 -0.42735669]
 [ 1.20670669  0.78797736]
 [ 1.69352594 -0.42678523]
 [ 2.47204409 -2.370968  ]
 [ 2.47204409 -2.370968  ]
 [ 2.47204409 -2.370968  ]
 [ 2.47204409 -2.370968  ]
 [ 2.47204409 -2.370968  ]
 [ 2.47204409 -2.370968  ]
 [ 2.47204409 -2.370968  ]
 [ 2.47204409 -2.370968  ]
 [ 2.47204409 -2.370968  ]
 [ 2.47204409 -2.370968  ]
 [ 2.47204409 -2.370968  ]
 [ 2.47204409 -2.370968  ]
 [ 2.47204409 -2.370968  ]
 [ 2.47204409 -2.370968  ]
 [ 2.47204409 -2.370968  ]
 [ 2.47204409 -2.370968  ]
 [ 2.47204409 -2.370968  ]
 [ 2.47204409 -2.370968  ]
 [ 2.47204409 -2.370968  ]
 [ 2.47204409 -2.370968  ]
 [ 2.47204393 -2.37096779]
 [ 2.47205655 -2.37098382]
 [ 2.47204502 -2.37096917]
 [ 2.48156898 -2.38306852]
 [ 2.47204353 -2.37096728]
 [ 2.47204409 -2.370968  ]
 [ 2.47204409 -2.370968  ]
 [ 2.47204409 -2.370968  ]
 [ 2.47204409 -2.370968  ]
 [ 2.47204409 -2.370968  ]
 [ 2.47204409 -2.370968  ]
 [ 2.47204409 -2.370968  ]
 [ 2.47204409 -2.370968  ]
 [ 2.47204393 -2.37096779]
 [ 2.47205655 -2.37098382]
 [ 2.47204502 -2.37096917]
 [ 2.48156898 -2.38306852]
 [ 2.48157233 -2.38307277]
 [ 2.47204409 -2.370968  ]
 [ 2.47204409 -2.370968  ]
 [ 2.47204409 -2.370968  ]
 [ 2.47204409 -2.370968  ]
 [ 2.47204409 -2.370968  ]
 [ 2.47204409 -2.370968  ]
 [ 1.69359569 -0.42668493]
 [ 1.69363964 -0.42662119]
 [ 1.79091086 -0.66970783]
 [ 1.79091123 -0.66970726]
 [ 1.79091123 -0.66970727]
 [ 1.79091124 -0.66970727]
 [ 1.79091124 -0.66970727]
 [ 1.79084937 -0.6697993 ]
 [ 1.79084901 -0.66979989]
 [ 1.79084959 -0.66979889]
 [ 1.79084902 -0.6697999 ]
 [ 1.79084903 -0.66979991]
 [ 1.79084877 -0.66980027]
 [ 1.79084848 -0.66980077]
 [ 1.79084878 -0.66980028]
 [ 1.79084875 -0.66980025]
 [ 1.79084877 -0.66980027]
 [ 1.79084933 -0.66979926]
 [ 1.79084358 -0.669808  ]
 [ 1.7908439  -0.66980737]
 [ 1.79084418 -0.66980686]
 [ 1.79084384 -0.66980746]
 [ 1.79084385 -0.66980747]
 [ 1.79084384 -0.66980746]
 [ 1.79084384 -0.66980746]
 [ 1.79084355 -0.66980796]
 [ 1.79084356 -0.66980797]
 [ 1.79084417 -0.66980702]
 [ 1.79083339 -0.66982317]
 [ 1.79083358 -0.66982273]
 [ 1.79083336 -0.66982347]
 [ 1.79083331 -0.66982341]
 [ 1.79083316 -0.66982392]
 [ 1.79083325 -0.66982368]
 [ 1.79083324 -0.66982367]
 [ 1.79083324 -0.66982367]
 [ 1.79083325 -0.66982368]
 [ 1.79083326 -0.6698237 ]
 [ 1.79083334 -0.66982345]
 [ 1.79083322 -0.66982399]
 [ 1.79083352 -0.66982299]
 [ 1.79083336 -0.66982348]
 [ 1.79083337 -0.66982349]
 [ 1.79083334 -0.66982345]
 [ 1.79083335 -0.66982347]
 [ 1.79083344 -0.66982324]
 [ 1.79083329 -0.66982339]
 [ 1.79083314 -0.66982389]
 [ 1.79083339 -0.66982317]
 [ 1.79083344 -0.6698229 ]
 [ 1.79083323 -0.66982366]
 [ 1.79083321 -0.66982363]
 [ 1.79083317 -0.66982392]
 [ 1.79083328 -0.66982338]
 [ 1.79083324 -0.66982368]
 [ 1.79083322 -0.66982365]
 [ 1.79083315 -0.6698239 ]
 [ 1.79083321 -0.66982364]
 [ 1.79083338 -0.66982316]
 [ 1.79083329 -0.66982373]
 [ 1.79083327 -0.66982371]
 [ 1.79083334 -0.66982346]
 [ 1.79083328 -0.66982373]
 [ 1.79083334 -0.66982345]
 [ 1.79083337 -0.6698235 ]
 [ 1.79083344 -0.66982323]
 [ 1.7908332  -0.66982397]
 [ 1.79083334 -0.66982328]
 [ 1.79083329 -0.66982339]
 [ 1.79083342 -0.66982321]
 [ 1.79083342 -0.66982321]
 [ 1.79083356 -0.6698227 ]
 [ 1.79083346 -0.66982326]
 [ 1.79083334 -0.66982345]
 [ 1.79083343 -0.66982323]
 [ 1.79083341 -0.6698232 ]
 [ 1.79083341 -0.6698232 ]
 [ 1.79091148 -0.66970689]
 [ 1.79083338 -0.6698235 ]
 [ 1.79083343 -0.66982322]
 [ 1.79083336 -0.66982348]
 [ 1.79083327 -0.66982371]
 [ 1.79083334 -0.66982346]
 [ 1.79083336 -0.66982348]
 [ 1.79083337 -0.66982349]
 [ 1.79083351 -0.66982297]
 [ 1.79083336 -0.66982348]
 [ 1.7908333  -0.66982357]
 [ 1.79083314 -0.66982389]
 [ 1.79083346 -0.66982291]
 [ 1.79083325 -0.66982368]
 [ 1.79083321 -0.66982364]
 [ 1.79083314 -0.66982388]
 [ 1.79083325 -0.66982368]
 [ 1.79083329 -0.66982339]
 [ 1.79083341 -0.66982319]
 [ 1.79083332 -0.66982343]
 [ 1.79083317 -0.66982392]
 [ 1.79083331 -0.66982341]
 [ 1.79083332 -0.66982342]
 [ 1.79083325 -0.66982368]
 [ 1.7908334  -0.66982318]
 [ 1.79083331 -0.66982341]
 [ 1.7908333  -0.6698234 ]
 [ 1.79083321 -0.66982363]
 [ 1.79083326 -0.66982369]
 [ 1.79083323 -0.66982366]
 [ 1.79083323 -0.66982365]
 [ 1.79083324 -0.66982367]
 [ 1.79083323 -0.66982366]
 [ 1.79083321 -0.66982364]
 [ 1.79083346 -0.66982291]
 [ 1.79083324 -0.66982368]
 [ 1.79083324 -0.66982368]
 [ 1.79083322 -0.66982364]
 [ 1.79083322 -0.66982364]
 [ 1.79083332 -0.66982343]
 [ 1.79083321 -0.66982364]
 [ 1.7908333  -0.6698234 ]
 [ 1.79083324 -0.66982367]
 [ 1.79083323 -0.66982366]
 [ 1.79083324 -0.66982367]
 [ 1.79083332 -0.66982343]
 [ 1.79083323 -0.66982365]
 [ 1.79083324 -0.66982367]
 [ 1.79083321 -0.66982363]
 [ 1.79083337 -0.66982315]
 [ 1.79083332 -0.66982343]
 [ 1.79083321 -0.66982364]
 [ 1.79083327 -0.66982371]
 [ 1.79083327 -0.66982371]
 [ 1.79083334 -0.66982345]
 [ 1.79083327 -0.66982372]
 [ 1.79083331 -0.66982376]
 [ 1.79083327 -0.66982371]
 [ 1.79083327 -0.66982371]
 [ 1.79083326 -0.6698237 ]
 [ 1.79083338 -0.6698235 ]
 [ 1.79083331 -0.66982376]
 [ 1.79083329 -0.66982373]
 [ 1.79083333 -0.66982345]
 [ 1.79091148 -0.66970689]
 [ 1.79091192 -0.66970624]
 [ 1.79091229 -0.66970567]
 [ 1.79091191 -0.66970623]
 [ 2.52415118 -0.28650811]
 [ 1.69368191 -0.42656034]
 [ 1.69367873 -0.42656493]
 [ 1.69216169 -0.42875196]
 [ 1.79096535 -0.66962816]
 [ 1.69316193 -0.42730983]
 [ 2.47204409 -2.370968  ]
 [ 2.47204409 -2.370968  ]
 [ 2.47204409 -2.370968  ]
 [ 2.47204409 -2.370968  ]
 [ 2.47205655 -2.37098382]
 [ 2.47204393 -2.37096779]
 [ 2.47204502 -2.37096917]
 [ 2.48156898 -2.38306852]
 [ 2.48157233 -2.38307277]
 [ 2.48156443 -2.38306275]
 [ 2.47204409 -2.370968  ]
 [ 2.47204409 -2.370968  ]
 [ 2.47204409 -2.370968  ]
 [ 2.47204409 -2.370968  ]
 [ 2.47205655 -2.37098382]
 [ 2.47204393 -2.37096779]
 [ 2.47204502 -2.37096917]
 [ 2.48156898 -2.38306852]
 [ 2.18969105 -1.65391384]
 [ 2.47204409 -2.370968  ]
 [ 2.47204409 -2.370968  ]
 [ 2.47204409 -2.370968  ]
 [ 2.47204409 -2.370968  ]
 [ 2.47204393 -2.37096779]
 [ 2.47205655 -2.37098382]
 [ 2.47204502 -2.37096917]
 [ 2.48156898 -2.38306852]
 [ 2.47204409 -2.370968  ]
 [ 2.47204409 -2.370968  ]
 [ 2.47204409 -2.370968  ]
 [ 2.47204409 -2.370968  ]
 [ 2.47204409 -2.370968  ]
 [ 2.47204409 -2.370968  ]
 [ 2.47204393 -2.37096779]
 [ 2.47205655 -2.37098382]
 [ 2.47204502 -2.37096917]
 [ 2.48156898 -2.38306852]
 [ 2.48157233 -2.38307277]
 [ 2.47204409 -2.370968  ]
 [ 2.47204409 -2.370968  ]
 [ 2.47205655 -2.37098382]
 [ 2.47204393 -2.37096779]
 [ 2.47204502 -2.37096917]
 [ 2.48156898 -2.38306852]
 [ 2.47204353 -2.37096728]
 [ 2.47204409 -2.370968  ]
 [ 2.47204409 -2.370968  ]
 [ 2.47204409 -2.370968  ]
 [ 2.47204409 -2.370968  ]
 [ 2.47204409 -2.370968  ]
 [ 2.47204409 -2.370968  ]
 [ 2.47204409 -2.370968  ]
 [ 2.47204409 -2.370968  ]
 [ 2.47204393 -2.37096779]
 [ 2.47205655 -2.37098382]
 [ 2.47204502 -2.37096917]
 [ 2.48156898 -2.38306852]
 [ 2.47205655 -2.37098382]
 [ 2.47204393 -2.37096779]
 [ 2.47204502 -2.37096917]
 [ 2.48156898 -2.38306852]
 [ 2.48157233 -2.38307277]
 [ 2.48157233 -2.38307277]
 [ 2.48156443 -2.38306275]
 [ 2.47204409 -2.370968  ]
 [ 2.47204409 -2.370968  ]
 [ 2.47204409 -2.370968  ]
 [ 2.47204409 -2.370968  ]
 [ 2.47204409 -2.370968  ]
 [ 2.47204409 -2.370968  ]
 [ 2.47204409 -2.370968  ]
 [ 2.47204409 -2.370968  ]
 [ 2.47204409 -2.370968  ]
 [ 2.47204409 -2.370968  ]
 [ 2.47204409 -2.370968  ]
 [ 2.47204409 -2.370968  ]
 [ 2.47204409 -2.370968  ]
 [ 2.47204409 -2.370968  ]
 [ 2.47204409 -2.370968  ]
 [ 2.47204409 -2.370968  ]
 [ 2.47204409 -2.370968  ]
 [ 2.47204409 -2.370968  ]
 [ 2.47204409 -2.370968  ]
 [ 2.47204409 -2.370968  ]
 [ 2.47204409 -2.370968  ]
 [ 2.47204409 -2.370968  ]
 [ 2.47205655 -2.37098382]
 [ 2.47204393 -2.37096779]
 [ 2.47204502 -2.37096917]
 [ 2.48156898 -2.38306852]
 [ 2.47204393 -2.37096779]
 [ 2.47205655 -2.37098382]
 [ 2.47204502 -2.37096917]
 [ 2.48156898 -2.38306852]
 [ 2.47204353 -2.37096728]
 [ 2.47204409 -2.370968  ]
 [ 2.47204409 -2.370968  ]
 [ 2.47205655 -2.37098382]
 [ 2.47204393 -2.37096779]
 [ 2.47204502 -2.37096917]
 [ 2.48156898 -2.38306852]
 [ 2.18016282 -1.64180906]
 [ 2.47204409 -2.370968  ]
 [ 2.47204353 -2.37096728]
 [ 2.47204409 -2.370968  ]
 [ 2.47204409 -2.370968  ]
 [ 2.47204393 -2.37096779]
 [ 2.47205655 -2.37098382]
 [ 2.47168422 -2.37148318]
 [ 2.47166605 -2.37150927]
 [ 2.47172387 -2.37142624]
 [ 2.4719114  -2.3711569 ]
 [ 1.69263602 -0.42809355]
 [ 1.69345225 -0.42690296]
 [ 1.79094655 -0.66965586]
 [ 1.69361222 -0.42666072]
 [ 1.69361144 -0.4266618 ]
 [ 1.69344352 -0.42690378]
 [ 2.47168078 -2.37148813]
 [ 2.47167198 -2.37150076]
 [ 2.47172348 -2.37142679]
 [ 2.4719114  -2.3711569 ]
 [ 1.7909431  -0.6696608 ]
 [ 1.69351421 -0.42680864]
 [ 1.69351432 -0.42680843]
 [ 1.69354323 -0.42676044]
 [ 1.69344679 -0.42690966]
 [ 1.68919844 -0.43300124]
 [ 1.69360756 -0.42666739]
 [ 1.69364976 -0.42660748]
 [ 3.16788667 -0.67390012]
 [ 2.47168039 -2.37148867]
 [ 2.4716656  -2.37150991]
 [ 2.47172348 -2.37142679]
 [ 2.4719114  -2.3711569 ]
 [ 3.16788636 -0.67390042]
 [ 3.16788662 -0.67390005]
 [ 1.69345476 -0.42689822]
 [ 1.69345469 -0.42689831]
 [ 1.6935218  -0.42679774]
 [ 1.69352192 -0.42679756]
 [ 2.42681475 -0.0435222 ]
 [ 1.69342997 -0.42693349]
 [ 1.69352216 -0.42679717]
 [ 1.69343041 -0.42693285]
 [ 1.69345463 -0.4268984 ]]